example/model_case/input/mesh/DEM.txt
ncols    269
nrows    269
xllcorner    0
yllcorner    0
cellsize    10
NODATA_value    -9999
[rows 68 to 101 of 269, columns 0 to 75 of 269]
-9999 -9999 -9999 -9999 -9999 -9999 -9999 -9999 -9999 -9999 -9999 -9999 -9999 -9999 -9999 -9999 -9999 -9999 -9999 -9999 -9999 -9999 -9999 -9999 -9999 -9999 -9999 -9999 -9999 -9999 -9999 -9999 -9999 -9999 -9999 -9999 -9999 -9999 3.621 3.63 3.564 3.434 3.314 3.183 3.019 2.789 2.447 2.043 1.544 1.16 1.154 1.623 2.182 2.471 2.628 2.847 3.162 3.446 3.585 3.683 3.818 3.929 4.019 4.09 4.125 4.11 4.114 4.128 4.075 3.937 3.771 3.756 3.944 4.131 4.271 4.418
-9999 -9999 -9999 -9999 -9999 -9999 -9999 -9999 -9999 -9999 -9999 -9999 -9999 -9999 -9999 -9999 -9999 -9999 -9999 -9999 -9999 -9999 -9999 -9999 -9999 -9999 -9999 -9999 -9999 -9999 -9999 -9999 -9999 -9999 -9999 -9999 3.398 3.518 3.6 3.613 3.529 3.374 3.259 3.153 3.025 2.834 2.465 1.83 1.253 1.133 1.507 2.144 2.551 2.733 2.832 2.964 3.196 3.406 3.501 3.588 3.723 3.839 3.948 3.991 3.991 3.964 3.941 3.94 3.871 3.697 3.668 3.877 4.067 4.215 4.345 4.464
-9999 -9999 -9999 -9999 -9999 -9999 -9999 -9999 -9999 -9999 -9999 -9999 -9999 -9999 -9999 -9999 -9999 -9999 -9999 -9999 -9999 -9999 -9999 -9999 -9999 -9999 -9999 -9999 -9999 -9999 -9999 -9999 -9999 -9999 -9999 3.303 3.429 3.546 3.593 3.592 3.505 3.309 3.172 3.059 2.906 2.743 2.457 1.589 1.092 1.295 1.824 2.367 2.685 2.869 2.992 3.116 3.23 3.321 3.358 3.403 3.562 3.752 3.851 3.827 3.748 3.754 3.757 3.696 3.601 3.471 3.682 3.923 4.095 4.224 4.357 4.455
-9999 -9999 -9999 -9999 -9999 -9999 -9999 -9999 -9999 -9999 -9999 -9999 -9999 -9999 -9999 -9999 -9999 -9999 -9999 -9999 -9999 -9999 -9999 -9999 -9999 -9999 -9999 -9999 -9999 -9999 -9999 -9999 -9999 -9999 3.207 3.338 3.472 3.568 3.593 3.577 3.497 3.277 3.063 2.952 2.715 2.446 2.269 1.543 1.113 1.371 1.893 2.466 2.792 2.94 3.043 3.116 3.149 3.178 3.216 3.316 3.516 3.684 3.705 3.631 3.519 3.469 3.493 3.353 3.256 3.307 3.635 3.85 4.004 4.192 4.332 4.39
-9999 -9999 -9999 -9999 -9999 -9999 -9999 -9999 -9999 -9999 -9999 -9999 -9999 -9999 -9999 -9999 -9999 -9999 -9999 -9999 -9999 -9999 -9999 -9999 -9999 -9999 -9999 -9999 -9999 -9999 -9999 -9999 3.102 3.157 3.256 3.378 3.479 3.565 3.577 3.55 3.462 3.246 2.951 2.795 2.469 2.102 1.886 1.362 1.075 1.386 1.992 2.602 2.867 2.942 2.989 2.972 2.985 3.03 3.137 3.291 3.468 3.567 3.52 3.413 3.332 3.271 3.229 3.037 2.992 3.128 3.431 3.647 3.877 4.125 4.275 4.311
-9999 -9999 -9999 -9999 -9999 -9999 -9999 -9999 -9999 -9999 -9999 -9999 -9999 -9999 -9999 -9999 -9999 -9999 -9999 -9999 -9999 -9999 -9999 -9999 -9999 -9999 -9999 -9999 -9999 -9999 -9999 3.187 3.195 3.227 3.28 3.365 3.438 3.492 3.513 3.478 3.286 3.066 2.79 2.627 2.18 1.658 1.377 1.123 1.054 1.502 2.142 2.513 2.642 2.751 2.795 2.782 2.865 2.994 3.172 3.344 3.435 3.453 3.381 3.201 3.184 3.078 2.95 2.923 3.061 3.103 3.18 3.501 3.838 4.068 4.186 4.204
-9999 -9999 -9999 -9999 -9999 -9999 -9999 -9999 -9999 -9999 -9999 -9999 -9999 -9999 -9999 -9999 -9999 -9999 -9999 -9999 -9999 -9999 -9999 -9999 -9999 -9999 -9999 -9999 -9999 3.335 3.322 3.274 3.238 3.227 3.241 3.294 3.318 3.34 3.379 3.365 3.206 2.883 2.504 2.349 1.802 1.206 1.051 1.04 1.216 1.563 1.955 2.166 2.309 2.467 2.564 2.697 2.934 3.125 3.281 3.379 3.404 3.301 3.105 2.974 2.957 2.843 2.875 3.015 3.227 3.283 3.162 3.415 3.777 4.012 4.095 4.042
-9999 -9999 -9999 -9999 -9999 -9999 -9999 -9999 -9999 -9999 -9999 -9999 -9999 -9999 -9999 -9999 -9999 -9999 -9999 -9999 -9999 -9999 -9999 -9999 -9999 -9999 -9999 -9999 3.376 3.41 3.353 3.275 3.217 3.176 3.192 3.206 3.141 3.13 3.216 3.207 3.117 2.901 2.457 1.96 1.382 0.961 1.038 1.406 1.899 1.95 2.05 2.273 2.396 2.498 2.637 2.83 3.063 3.22 3.288 3.307 3.247 3.019 2.712 2.678 2.753 2.925 3.102 3.265 3.4 3.465 3.301 3.312 3.632 3.83 3.892 3.79
-9999 -9999 -9999 -9999 -9999 -9999 -9999 -9999 -9999 -9999 -9999 -9999 -9999 -9999 -9999 -9999 -9999 -9999 -9999 -9999 -9999 -9999 -9999 -9999 -9999 -9999 -9999 3.344 3.415 3.427 3.366 3.256 3.111 3.041 3.095 3.09 2.964 2.939 3.073 3.033 2.736 2.287 1.954 1.711 1.246 0.925 1.051 1.613 2.224 2.304 2.419 2.602 2.691 2.75 2.855 2.989 3.154 3.224 3.208 3.1 2.815 2.598 2.61 2.837 3.007 3.243 3.409 3.53 3.587 3.686 3.509 3.281 3.38 3.51 3.55 3.498
-9999 -9999 -9999 -9999 -9999 -9999 -9999 -9999 -9999 -9999 -9999 -9999 -9999 -9999 -9999 -9999 -9999 -9999 -9999 -9999 -9999 -9999 -9999 -9999 -9999 3.26 3.287 3.375 3.475 3.49 3.399 3.211 2.944 2.841 2.901 2.861 2.722 2.78 2.954 2.77 1.928 1.119 0.906 1.011 1.122 0.909 0.954 1.583 2.33 2.534 2.625 2.768 2.864 2.932 3.025 3.108 3.171 3.142 2.95 2.64 2.541 2.717 2.889 3.1 3.315 3.452 3.639 3.739 3.813 3.847 3.663 3.433 3.395 3.425 3.5 3.628
-9999 -9999 -9999 -9999 -9999 -9999 -9999 -9999 -9999 -9999 -9999 -9999 -9999 -9999 -9999 -9999 -9999 -9999 -9999 -9999 -9999 -9999 -9999 -9999 3.214 3.266 3.369 3.44 3.488 3.471 3.299 3.045 2.719 2.586 2.662 2.522 2.449 2.599 2.724 2.205 1.141 0.737 0.756 0.81 0.881 0.844 0.875 1.522 2.429 2.679 2.746 2.846 2.892 2.957 3.016 3.085 3.095 2.93 2.535 2.466 2.758 2.973 3.117 3.281 3.491 3.636 3.789 3.879 3.971 3.948 3.799 3.689 3.648 3.646 3.726 3.859
-9999 -9999 -9999 -9999 -9999 -9999 -9999 -9999 -9999 -9999 -9999 -9999 -9999 -9999 -9999 -9999 -9999 -9999 -9999 -9999 -9999 -9999 -9999 3.138 3.178 3.271 3.385 3.437 3.45 3.385 3.168 2.796 2.409 2.256 2.384 2.267 2.233 2.265 2.125 1.34 0.779 0.782 0.828 0.853 0.866 0.861 0.928 1.654 2.499 2.694 2.762 2.798 2.805 2.817 2.901 2.996 2.953 2.506 2.375 2.726 2.982 3.159 3.303 3.452 3.619 3.796 3.944 4.06 4.137 4.118 4.076 4.02 3.951 3.923 3.997 4.085
-9999 -9999 -9999 -9999 -9999 -9999 -9999 -9999 -9999 -9999 -9999 -9999 -9999 -9999 -9999 -9999 -9999 -9999 -9999 -9999 -9999 -9999 3.219 3.214 3.202 3.278 3.333 3.372 3.382 3.308 3.08 2.705 2.23 1.887 1.89 1.968 1.986 1.751 1.366 0.835 0.786 0.93 0.979 0.982 0.935 0.967 1.33 2.136 2.548 2.588 2.593 2.564 2.53 2.612 2.767 2.81 2.557 2.174 2.453 2.802 3.025 3.226 3.423 3.594 3.756 3.925 4.063 4.187 4.275 4.318 4.315 4.272 4.188 4.171 4.175 4.192
-9999 -9999 -9999 -9999 -9999 -9999 -9999 -9999 -9999 -9999 -9999 -9999 -9999 -9999 -9999 -9999 -9999 -9999 -9999 -9999 3.002 3.15 3.193 3.245 3.249 3.188 3.157 3.185 3.234 3.222 3.042 2.701 2.241 1.787 1.492 1.585 1.599 1.326 0.946 0.759 0.914 1.114 1.212 1.16 1.045 1.369 1.99 2.428 2.525 2.403 2.059 1.935 1.962 2.057 2.202 2.16 2.108 2.141 2.391 2.625 2.863 3.105 3.393 3.662 3.871 4.037 4.163 4.275 4.364 4.439 4.467 4.438 4.381 4.322 4.249 4.18
-9999 -9999 -9999 -9999 -9999 -9999 -9999 -9999 -9999 -9999 -9999 -9999 -9999 -9999 -9999 -9999 -9999 -9999 -9999 2.816 2.975 3.072 3.119 3.203 3.175 3.078 2.966 2.939 2.997 3.059 2.951 2.588 2.129 1.644 1.181 1.118 1.097 0.96 0.74 0.792 1.075 1.336 1.467 1.418 1.171 1.349 1.735 1.913 1.897 1.726 1.662 1.921 2.091 2.075 2.138 2.21 2.375 2.48 2.585 2.81 2.933 3.084 3.309 3.585 3.839 4.037 4.198 4.329 4.422 4.504 4.553 4.525 4.424 4.304 4.193 4.092
-9999 -9999 -9999 -9999 -9999 -9999 -9999 -9999 -9999 -9999 -9999 -9999 -9999 -9999 -9999 -9999 -9999 -9999 2.729 2.842 2.994 3.111 3.161 3.142 3.049 2.97 2.867 2.755 2.76 2.868 2.885 2.612 2.083 1.344 0.829 0.752 0.741 0.711 0.704 0.971 1.385 1.614 1.728 1.779 1.51 1.357 1.39 1.454 1.595 1.781 1.893 2.178 2.395 2.484 2.536 2.612 2.781 2.875 2.813 2.961 3.144 3.266 3.382 3.526 3.753 3.981 4.178 4.358 4.475 4.555 4.611 4.548 4.413 4.277 4.155 4.031
-9999 -9999 -9999 -9999 -9999 -9999 -9999 -9999 -9999 -9999 -9999 -9999 -9999 -9999 -9999 -9999 -9999 2.616 2.76 2.907 3.047 3.117 3.111 3.01 2.881 2.841 2.793 2.676 2.616 2.736 2.77 2.584 2.099 1.142 0.669 0.616 0.641 0.695 0.965 1.455 1.839 1.956 2.057 2.125 1.91 1.879 1.877 1.875 2.027 2.217 2.182 2.276 2.554 2.735 2.86 2.992 3.146 3.182 3.066 3.016 3.165 3.39 3.574 3.722 3.905 4.057 4.216 4.383 4.522 4.607 4.634 4.545 4.411 4.281 4.171 4.047
-9999 -9999 -9999 -9999 -9999 -9999 -9999 -9999 -9999 -9999 -9999 -9999 -9999 -9999 -9999 -9999 2.573 2.693 2.835 2.98 3.077 3.069 2.998 2.858 2.699 2.663 2.665 2.582 2.489 2.606 2.645 2.55 2.136 1.13 0.661 0.799 0.977 1.277 1.695 2.044 2.246 2.244 2.263 2.28 2.155 2.241 2.287 2.26 2.332 2.48 2.502 2.511 2.731 2.947 3.112 3.293 3.446 3.429 3.296 3.187 3.253 3.469 3.713 3.912 4.085 4.237 4.378 4.504 4.565 4.601 4.575 4.497 4.406 4.298 4.2 4.063
-9999 -9999 -9999 -9999 -9999 -9999 -9999 -9999 -9999 -9999 -9999 -9999 -9999 -9999 -9999 2.631 2.673 2.775 2.91 3.02 3.069 3.056 2.982 2.799 2.605 2.494 2.508 2.452 2.356 2.478 2.555 2.443 2.109 1.285 0.666 0.813 1.168 1.754 2.199 2.402 2.48 2.467 2.449 2.396 2.402 2.499 2.532 2.506 2.556 2.693 2.803 2.825 2.905 3.13 3.333 3.518 3.647 3.627 3.532 3.434 3.482 3.633 3.836 4.03 4.199 4.349 4.447 4.519 4.519 4.473 4.425 4.367 4.331 4.281 4.196 4.056
-9999 -9999 -9999 -9999 -9999 -9999 -9999 -9999 -9999 -9999 -9999 -9999 -9999 -9999 2.567 2.576 2.635 2.737 2.85 2.931 3.012 3.022 2.952 2.764 2.552 2.409 2.423 2.34 2.272 2.461 2.471 2.27 1.974 1.357 0.733 0.727 1.07 1.6 2.121 2.452 2.593 2.629 2.625 2.598 2.605 2.691 2.728 2.731 2.818 2.944 3.057 3.103 3.143 3.312 3.537 3.698 3.77 3.767 3.72 3.666 3.681 3.808 3.969 4.142 4.271 4.348 4.394 4.415 4.375 4.273 4.181 4.162 4.201 4.174 4.113 4.002
-9999 -9999 -9999 -9999 -9999 -9999 -9999 -9999 -9999 -9999 -9999 -9999 2.386 2.394 2.357 2.34 2.454 2.55 2.655 2.782 2.94 2.987 2.896 2.699 2.448 2.321 2.371 2.215 2.228 2.417 2.347 2.132 1.932 1.504 0.858 0.653 0.863 1.395 2.056 2.467 2.674 2.727 2.759 2.767 2.763 2.829 2.898 2.935 3.027 3.142 3.239 3.308 3.412 3.525 3.671 3.792 3.84 3.846 3.823 3.793 3.838 3.962 4.08 4.155 4.197 4.228 4.248 4.227 4.138 4.022 3.916 3.982 4.063 4.055 4.001 3.921
-9999 -9999 -9999 -9999 -9999 -9999 -9999 -9999 -9999 -9999 -9999 2.099 2.061 1.983 2.007 2.096 2.187 2.315 2.5 2.726 2.92 2.967 2.848 2.634 2.355 2.216 2.267 2.028 2.18 2.298 2.234 2.089 1.955 1.606 0.945 0.618 0.699 1.197 1.905 2.401 2.676 2.754 2.779 2.825 2.852 2.932 2.98 3.008 3.092 3.231 3.354 3.476 3.584 3.663 3.747 3.815 3.846 3.851 3.868 3.871 3.936 4.019 4.044 4.031 4.028 4.052 4.078 4.066 3.909 3.775 3.731 3.883 3.953 3.967 3.935 3.83
-9999 -9999 -9999 -9999 -9999 -9999 -9999 -9999 -9999 -9999 1.134 1.376 1.336 1.351 1.575 1.85 2.139 2.403 2.609 2.804 2.935 2.957 2.862 2.677 2.475 2.168 1.969 1.695 1.832 2.096 2.012 1.666 1.394 1.185 0.756 0.566 0.628 1.143 1.759 2.21 2.572 2.733 2.768 2.834 2.887 2.935 2.963 2.994 3.112 3.268 3.403 3.515 3.633 3.689 3.73 3.755 3.767 3.803 3.841 3.873 3.931 3.973 3.944 3.909 3.892 3.904 3.958 3.979 3.825 3.384 3.537 3.719 3.838 3.868 3.847 3.716
-9999 -9999 -9999 -9999 -9999 -9999 -9999 -9999 -9999 0.5 0.301 0.523 0.688 0.907 1.45 1.929 2.257 2.479 2.655 2.788 2.871 2.893 2.824 2.685 2.511 2.251 2.125 1.994 1.53 1.467 1.209 0.699 0.544 0.555 0.525 0.527 0.728 1.29 1.78 2.185 2.574 2.751 2.793 2.812 2.813 2.858 2.879 2.962 3.122 3.269 3.37 3.467 3.584 3.647 3.678 3.685 3.673 3.714 3.773 3.763 3.784 3.864 3.862 3.823 3.812 3.783 3.851 3.886 3.431 2.576 2.523 2.713 3.188 3.499 3.637 3.436
-9999 -9999 -9999 -9999 -9999 -9999 -9999 -9999 -9999 0.5 0.062 0.117 0.268 0.453 0.88 1.562 2.064 2.336 2.601 2.701 2.726 2.782 2.755 2.647 2.514 2.482 2.498 2.364 1.978 1.216 0.645 0.426 0.443 0.51 0.531 0.611 0.812 1.311 1.844 2.155 2.398 2.446 2.522 2.602 2.62 2.739 2.864 3.005 3.128 3.203 3.253 3.379 3.476 3.553 3.599 3.593 3.555 3.627 3.707 3.676 3.67 3.726 3.732 3.741 3.733 3.607 3.622 3.495 2.646 1.971 1.907 1.979 2.211 2.608 2.849 2.652
-9999 -9999 -9999 -9999 -9999 -9999 -9999 -9999 0.5 0.066 0.006 0.053 0.114 0.215 0.411 0.845 1.454 2.058 2.433 2.47 2.58 2.752 2.772 2.751 2.761 2.748 2.606 2.319 2.037 1.351 0.546 0.439 0.648 0.919 1.026 1.126 1.033 1.111 1.596 1.81 1.962 2.198 2.414 2.515 2.615 2.789 2.876 2.969 2.98 2.994 3.112 3.25 3.341 3.463 3.487 3.492 3.526 3.62 3.659 3.595 3.506 3.542 3.61 3.667 3.714 3.554 3.24 2.936 2.149 1.926 1.973 1.909 1.921 2.066 2.148 2.046
-9999 -9999 -9999 -9999 -9999 -9999 -9999 -9999 0.5 0.022 0 0.012 0.094 0.121 0.223 0.457 0.93 1.58 1.921 2.153 2.546 2.804 2.907 3.01 3.039 2.882 2.328 1.785 1.423 0.836 0.456 0.551 0.95 1.368 1.573 1.619 1.408 1.137 1.213 1.495 1.898 2.311 2.508 2.611 2.633 2.654 2.622 2.647 2.72 2.825 2.931 3.051 3.218 3.325 3.319 3.368 3.478 3.599 3.585 3.449 3.279 3.34 3.526 3.65 3.594 3.381 3 2.537 1.998 2.012 2.177 2.088 1.951 1.928 1.954 1.987
-9999 -9999 -9999 -9999 -9999 -9999 -9999 -9999 0.5 0.036 0.029 0.019 0.034 0.116 0.147 0.225 0.517 1.001 1.691 2.258 2.59 2.819 3.019 3.136 3.123 2.683 1.691 0.996 0.65 0.455 0.471 0.831 1.345 1.789 1.944 1.893 1.657 1.394 1.27 1.347 1.614 2.111 2.399 2.47 2.317 2.302 2.522 2.801 3.002 3.057 3.028 3.019 3.095 3.155 3.26 3.389 3.497 3.571 3.469 3.263 3.117 3.344 3.377 3.238 3.07 2.918 2.683 2.252 1.913 2.085 2.367 2.578 2.456 2.184 2.148 2.184
-9999 -9999 -9999 -9999 -9999 -9999 -9999 -9999 0.5 -0.155 -0.1875 0.077 0.016 0.053 0.107 0.149 0.319 0.776 1.664 2.378 2.681 2.88 3.074 3.126 2.995 2.049 0.995 0.493 0.392 0.452 0.775 1.461 1.843 2.086 2.177 2.057 1.811 1.571 1.514 1.597 1.488 1.732 2.014 2.06 2.094 2.353 2.667 2.938 3.112 3.185 3.212 3.207 3.237 3.31 3.424 3.527 3.575 3.535 3.35 3.11 2.996 3.045 2.543 2.241 2.224 2.288 2.234 1.967 1.85 2.137 2.573 2.993 3.248 3.227 2.953 2.738
-9999 -9999 -9999 -9999 -9999 -9999 -9999 -9999 0.5 -0.3525 -0.2925 -0.2625 0.018 0.005 0.02 0.059 0.16 0.465 1.23 1.972 2.342 2.845 3.128 3.163 2.802 1.494 0.545 0.338 0.587 1.135 1.534 2.09 2.246 2.246 2.253 2.102 1.847 1.652 1.712 1.875 1.802 1.634 1.816 2.077 2.284 2.498 2.707 2.944 3.138 3.245 3.316 3.387 3.44 3.487 3.567 3.635 3.612 3.471 3.237 2.942 2.747 2.392 1.898 1.78 1.776 1.85 1.885 1.816 1.9 2.399 2.977 3.327 3.654 3.907 3.71 3.316
-9999 -9999 -9999 -9999 -9999 -9999 -9999 -9999 0.5 -0.49 -0.3875 -0.245 -0.15 0.029 0.005 0.005 0.028 0.129 0.5 1.102 1.709 2.356 2.748 2.956 2.687 1.291 0.407 0.432 0.889 1.638 2.07 2.305 2.431 2.377 2.303 2.092 1.874 1.751 1.875 2.056 2.024 1.802 2.075 2.379 2.529 2.679 2.846 3.03 3.177 3.286 3.402 3.51 3.601 3.675 3.738 3.759 3.628 3.371 3.066 2.743 2.508 2.088 1.771 1.752 1.732 1.757 1.789 1.838 2.211 3.026 3.542 3.732 3.905 4.108 4.074 3.836
-9999 -9999 -9999 -9999 -9999 -9999 -9999 0.5 -2.185 -1.515 -0.655 -0.4175 -0.39 -0.3325 -0.095 0.005 0.004 0.007 0.057 0.339 0.708 0.943 1.196 1.566 1.912 1.287 0.437 0.419 0.816 1.696 2.449 2.544 2.569 2.56 2.461 2.253 2.046 1.926 2.032 2.173 2.097 1.897 2.138 2.432 2.64 2.821 2.968 3.075 3.18 3.291 3.436 3.596 3.711 3.811 3.898 3.894 3.707 3.353 2.966 2.567 2.301 1.958 1.777 1.948 2.049 1.976 2.032 2.352 3.006 3.753 4.011 4.105 4.178 4.292 4.333 4.138
-9999 -9999 -9999 -9999 -9999 -9999 -9999 0.5 -3.0775 -3.0575 -2.1125 -0.8325 -0.395 -0.385 -0.3125 -0.1 0.005 0.004 0.015 0.123 0.212 0.241 0.312 0.426 0.789 0.914 0.451 0.329 0.659 1.504 2.621 2.835 2.753 2.692 2.587 2.444 2.256 2.18 2.25 2.297 2.149 1.964 2.211 2.445 2.662 2.856 2.936 2.966 3.056 3.237 3.439 3.626 3.792 3.915 4.022 4.045 3.839 3.467 2.984 2.491 2.145 1.855 1.753 2.056 2.573 2.87 3.075 3.415 3.566 3.931 4.193 4.352 4.437 4.489 4.478 4.344
-9999 -9999 -9999 -9999 -9999 -9999 -9999 0.5 -3.5425 -3.635 -3.4175 -2.4875 -0.9 -0.43 -0.4 -0.38 -0.1775 0.009 0.036 0.126 0.14 0.142 0.202 0.24 0.282 0.461 0.387 0.281 0.481 1.433 2.704 3.029 2.949 2.793 2.658 2.534 2.42 2.407 2.455 2.417 2.231 2.055 2.215 2.429 2.597 2.722 2.767 2.856 3.027 3.249 3.441 3.633 3.825 3.987 4.105 4.127 3.919 3.544 3.017 2.489 2.12 1.807 1.744 2.136 2.885 3.389 3.75 3.985 4.015 4.04 4.276 4.502 4.584 4.614 4.598 4.55
