example/model_case/input/mesh/DEM.txt
ncols    269
nrows    269
xllcorner    0
yllcorner    0
cellsize    10
NODATA_value    -9999
[rows 102 to 135 of 269, columns 0 to 75 of 269]
-9999 -9999 -9999 -9999 -9999 -9999 -9999 0.5 -3.69 -3.7875 -3.815 -3.6575 -2.2425 -0.6125 -0.4375 -0.475 -0.455 -0.3075 0.055 0.087 0.145 0.144 0.246 0.423 0.352 0.337 0.311 0.272 0.526 1.74 2.845 3.054 3.017 2.88 2.738 2.646 2.595 2.574 2.565 2.478 2.292 2.219 2.289 2.422 2.565 2.717 2.862 3.02 3.175 3.313 3.429 3.636 3.83 3.968 4.068 4.023 3.791 3.45 2.997 2.467 2.098 1.787 1.771 2.278 2.981 3.491 3.875 4.119 4.217 4.323 4.456 4.594 4.662 4.682 4.682 4.68
-9999 -9999 -9999 -9999 -9999 -9999 -9999 0.5 -3.7725 -3.9 -4.125 -4.425 -3.8675 -1.495 -0.405 -0.2525 -0.36 -0.535 -0.43 0.111 0.156 0.166 0.244 0.627 0.792 0.531 0.426 0.551 1.314 2.529 3.006 3.007 2.97 2.892 2.77 2.69 2.648 2.61 2.552 2.442 2.325 2.391 2.504 2.633 2.77 2.908 3.033 3.149 3.221 3.282 3.396 3.593 3.746 3.841 3.919 3.854 3.639 3.271 2.799 2.355 2.018 1.74 1.862 2.395 2.947 3.464 3.888 4.143 4.311 4.451 4.539 4.577 4.623 4.651 4.668 4.683
-9999 -9999 -9999 -9999 -9999 -9999 -9999 0.5 -3.885 -4.1275 -4.62 -5.4 -5.6775 -3.64 -0.9375 -0.235 -0.145 -0.3375 -0.5075 -0.485 0.199 0.188 0.223 0.437 0.986 1.391 1.538 1.933 2.612 3.022 3.021 2.927 2.863 2.818 2.731 2.651 2.61 2.585 2.477 2.44 2.512 2.615 2.712 2.811 2.928 3.029 3.108 3.136 3.168 3.219 3.34 3.499 3.613 3.68 3.755 3.741 3.618 3.287 2.774 2.278 1.86 1.704 1.91 2.294 2.876 3.49 3.907 4.134 4.323 4.451 4.462 4.418 4.437 4.519 4.554 4.584
-9999 -9999 -9999 -9999 -9999 -9999 -12.5 -3.705 -3.9675 -4.4125 -5.13 -6.1 -6.655 -5.2025 -1.8525 -0.41 -0.1375 -0.1425 -0.4025 -0.55 -0.5525 0.209 0.208 0.229 0.535 1.335 2.294 2.877 3.056 3.016 2.981 2.915 2.801 2.698 2.668 2.648 2.617 2.609 2.534 2.591 2.715 2.814 2.912 2.992 3.059 3.108 3.087 3.01 2.972 3.031 3.193 3.363 3.451 3.528 3.638 3.678 3.577 3.27 2.787 2.25 1.745 1.676 1.88 2.065 2.523 3.22 3.802 4.096 4.266 4.33 4.287 4.192 4.266 4.388 4.393 4.422
-9999 -9999 -9999 -9999 -9999 -9999 -12.5 -3.705 -4.075 -4.66 -5.58 -6.42 -6.6425 -5.2375 -2.7175 -0.93 -0.46 -0.43 -0.6275 -0.6525 -0.6175 -0.61 0.192 0.158 0.228 0.68 1.646 2.53 2.912 2.838 2.759 2.819 2.729 2.572 2.567 2.678 2.677 2.653 2.645 2.718 2.862 2.963 3.06 3.117 3.129 3.085 2.952 2.828 2.774 2.882 3.088 3.276 3.38 3.489 3.609 3.653 3.561 3.269 2.871 2.407 1.911 1.635 1.664 1.778 2.169 2.99 3.74 4.024 4.158 4.204 4.087 3.991 4.145 4.24 4.24 4.254
-9999 -9999 -9999 -9999 -9999 -9999 -12.5 -3.835 -4.3275 -4.9225 -5.8075 -6.39 -6.2325 -5.11 -3.54 -1.89 -0.895 -0.7175 -0.7075 -0.6775 -0.67 -0.655 -0.6375 0.185 0.157 0.274 0.741 1.573 2.276 2.468 2.591 2.726 2.65 2.365 2.445 2.604 2.653 2.677 2.735 2.843 2.975 3.086 3.162 3.172 3.135 3.006 2.776 2.669 2.753 2.959 3.184 3.346 3.464 3.552 3.615 3.653 3.597 3.388 3.003 2.606 2.257 1.8 1.612 1.582 1.785 2.701 3.539 3.887 4.066 4.081 3.888 3.886 3.953 3.988 4.073 4.194
-9999 -9999 -9999 -9999 -9999 -9999 -12.5 -3.925 -4.455 -5.0525 -5.765 -6.195 -5.7675 -4.8875 -3.9425 -2.68 -1.435 -0.7925 -0.74 -0.705 -0.7275 -0.71 -0.7225 -0.59 0.158 0.186 0.302 0.725 1.382 2.089 2.387 2.611 2.513 2.193 2.306 2.468 2.528 2.625 2.771 2.922 3.048 3.139 3.176 3.174 3.074 2.83 2.611 2.644 2.79 3.004 3.216 3.36 3.438 3.531 3.603 3.644 3.586 3.428 3.075 2.681 2.341 1.993 1.712 1.585 1.615 2.34 3.168 3.706 3.938 3.868 3.617 3.635 3.722 3.915 4.151 4.345
-9999 -9999 -9999 -9999 -9999 -9999 -12.5 -3.9 -4.3525 -4.8625 -5.285 -5.5975 -5.165 -4.445 -4.0275 -3.33 -2.37 -1.1675 -0.78 -0.7675 -0.7175 -0.625 -0.555 -0.6925 -0.5375 0.16 0.196 0.35 0.746 1.385 1.868 2.332 2.372 2.059 2.138 2.256 2.32 2.49 2.749 2.974 3.092 3.138 3.094 3.006 2.883 2.643 2.483 2.605 2.756 2.953 3.138 3.267 3.338 3.449 3.58 3.637 3.59 3.441 3.258 2.978 2.415 1.982 1.736 1.628 1.592 2.178 2.932 3.452 3.71 3.535 3.379 3.596 3.87 3.994 4.239 4.467
-9999 -9999 -9999 -9999 -9999 -9999 -12.5 -3.81 -4.13 -4.515 -4.815 -4.7175 -4.4775 -4.2225 -4.1075 -4.05 -3.5375 -2 -0.99 -0.7675 -0.6425 -0.4625 -0.355 -0.4975 -0.645 -0.5225 0.159 0.173 0.357 0.704 1.178 1.79 2.133 1.897 1.847 2.081 2.288 2.558 2.861 3.036 3.085 3.066 2.979 2.801 2.629 2.453 2.328 2.465 2.641 2.818 2.959 3.082 3.217 3.395 3.568 3.658 3.632 3.475 3.306 3.132 2.595 1.878 1.602 1.572 1.557 2.106 2.76 3.261 3.365 3.231 3.463 3.815 3.93 4.202 4.447 4.533
-9999 -9999 -9999 -9999 -9999 -9999 -12.5 -3.465 -3.85 -4.075 -4.1775 -4.1725 -4.1975 -4.215 -4.2375 -4.455 -4.68 -3.745 -1.8225 -0.9875 -0.615 -0.3575 -0.38 -0.435 -0.55 -0.6525 -0.5625 0.158 0.186 0.306 0.547 1.087 1.613 1.581 1.742 2.161 2.469 2.721 2.905 3.01 3.002 2.909 2.818 2.634 2.382 2.228 2.271 2.471 2.698 2.9 3.058 3.172 3.296 3.466 3.617 3.667 3.59 3.376 3.089 2.841 2.361 1.735 1.56 1.532 1.691 2.212 2.756 2.993 3.011 3.365 3.715 3.92 4.253 4.412 4.467 4.492
-9999 -9999 -9999 -9999 -9999 -9999 -12.5 -3.47 -3.61 -3.6725 -3.8575 -4.0175 -4.1025 -4.2475 -4.41 -4.765 -5.3875 -5.825 -3.8825 -1.88 -0.9275 -0.69 -0.725 -0.74 -0.6525 -0.64 -0.705 0.256 0.19 0.183 0.286 0.585 1.129 1.26 1.482 1.968 2.461 2.743 2.889 2.94 2.859 2.716 2.582 2.401 2.185 2.193 2.298 2.549 2.821 3.058 3.244 3.365 3.464 3.589 3.676 3.67 3.53 3.232 2.952 2.508 1.927 1.571 1.509 1.645 1.825 2.138 2.494 2.748 3.256 3.675 3.908 4.212 4.34 4.397 4.403 4.438
-9999 -9999 -9999 -9999 -9999 -9999 -12.5 -3.9975 -3.78 -3.67 -3.7225 -3.86 -4.0925 -4.3525 -4.4875 -4.9075 -5.7525 -6.545 -6.1425 -3.87 -1.9 -1.08 -0.885 -0.83 -0.7125 -0.6725 -0.745 -0.835 0.303 0.216 0.237 0.353 0.663 0.86 1.19 1.763 2.259 2.575 2.816 2.843 2.659 2.467 2.382 2.205 2.24 2.376 2.404 2.573 2.863 3.156 3.4 3.547 3.643 3.707 3.715 3.678 3.519 3.171 2.791 2.311 1.776 1.526 1.558 1.75 1.988 2.212 2.574 3.161 3.501 3.739 4.055 4.236 4.271 4.219 4.27 4.419
-9999 -9999 -9999 -9999 -9999 -9999 -12.5 -4.6625 -4.4275 -4.14 -3.955 -3.9425 -4.0725 -4.315 -4.4825 -5.05 -6.0725 -6.95 -6.925 -5.745 -3.6025 -2.08 -1.3075 -1 -0.8725 -0.76 -0.73 -0.8275 -0.8825 0.344 0.341 0.368 0.438 0.605 0.972 1.538 2.085 2.414 2.662 2.738 2.52 2.21 2.07 2.141 2.399 2.535 2.582 2.635 2.85 3.163 3.432 3.617 3.717 3.732 3.697 3.642 3.496 3.189 2.795 2.286 1.803 1.532 1.622 1.834 2.282 2.79 3.049 3.12 3.425 3.78 3.991 4.046 4.019 4.029 4.189 4.299
-9999 -9999 -9999 -9999 -9999 -9999 -12.5 -5.2575 -4.7175 -4.6475 -4.48 -4.2625 -4.255 -4.3925 -4.5625 -5.1125 -6.265 -7.1575 -7.305 -6.68 -5.2025 -3.9975 -2.4125 -1.58 -1.1725 -0.9075 -0.855 -0.9225 -0.9325 -0.94 0.346 0.362 0.379 0.505 0.741 1.276 1.801 2.191 2.538 2.657 2.446 2.012 1.902 2.27 2.512 2.641 2.721 2.754 2.874 3.124 3.401 3.569 3.619 3.628 3.591 3.566 3.454 3.129 2.806 2.462 2.028 1.642 1.77 1.895 2.155 2.792 3.203 3.231 3.331 3.574 3.741 3.85 3.977 4.118 4.241 4.244
-9999 -9999 -9999 -9999 -9999 -9999 -12.5 -6.2625 -5.2525 -4.7425 -4.6875 -4.745 -4.585 -4.62 -4.79 -5.02 -6.01 -7.105 -7.4475 -7.2775 -6.77 -5.49 -3.5625 -3.095 -2.0075 -1.42 -1.0175 -0.9675 -0.99 -1.0375 0.382 0.375 0.441 0.445 0.577 0.996 1.558 2.152 2.475 2.493 2.175 1.767 1.987 2.272 2.465 2.664 2.778 2.909 3.03 3.224 3.418 3.507 3.508 3.482 3.461 3.403 3.238 3.225 3.285 2.802 2.117 1.703 1.511 1.565 1.937 2.588 3.207 3.529 3.617 3.633 3.783 3.937 3.996 4.079 4.222 4.268
-9999 -9999 -9999 -9999 -9999 -9999 -12.5 -6.9125 -5.8475 -5.1175 -4.8925 -4.9125 -5.0775 -5.135 -5.365 -5.565 -5.6625 -6.695 -7.39 -7.44 -7.29 -6.3725 -5.5925 -5.3575 -3.505 -2.4025 -1.5375 -1.0625 -0.95 -1.0025 -0.96 0.427 0.526 0.54 0.575 0.871 1.478 2.014 2.288 2.178 1.717 1.696 1.994 2.233 2.509 2.741 2.905 3.048 3.185 3.314 3.408 3.411 3.402 3.376 3.316 3.298 3.45 3.518 3.513 3.236 2.645 2.116 1.69 1.497 1.66 2.128 2.709 3.099 3.354 3.509 3.553 3.423 3.239 3.295 3.754 4.112
-9999 -9999 -9999 -9999 -9999 -9999 -12.5 -6.99 -6.11 -5.4 -5.2825 -5.285 -5.51 -5.6875 -6 -6.445 -5.91 -6.36 -7.3325 -7.47 -7.3875 -7.0175 -6.99 -6.4475 -4.8575 -3.58 -2.4525 -1.7825 -1.2 -1.005 -0.98 0.427 0.524 0.6 0.64 0.834 1.349 1.837 1.95 1.6 1.545 1.954 2.263 2.449 2.634 2.805 2.984 3.123 3.235 3.323 3.357 3.34 3.32 3.275 3.228 3.335 3.503 3.586 3.583 3.511 3.311 2.622 1.846 1.528 1.575 1.773 1.968 2.249 2.513 2.653 2.634 2.604 2.682 2.769 2.967 3.375
-9999 -9999 -9999 -9999 -9999 -9999 -12.5 -6.5125 -5.9525 -5.7875 -5.81 -5.9425 -6.43 -6.7275 -6.495 -6.61 -6.14 -6.015 -6.9125 -7.5025 -7.51 -7.3825 -7.33 -7.01 -6.2425 -4.63 -4.0375 -2.88 -1.78 -1.065 -0.9325 0.43 0.512 0.587 0.643 0.807 1.197 1.506 1.367 1.511 1.952 2.264 2.482 2.627 2.827 2.947 3.062 3.157 3.216 3.271 3.269 3.221 3.182 3.135 3.157 3.297 3.497 3.598 3.629 3.275 3.086 2.51 1.798 1.511 1.658 2.009 2.296 2.319 2.309 2.413 2.665 2.812 3.016 3.326 3.239 3.034
-9999 -9999 -9999 -9999 -9999 -9999 -12.5 -6.7425 -6.36 -6.295 -6.2475 -6.62 -7.545 -8.085 -7.755 -6.7575 -6.735 -6.3675 -6.495 -7.38 -7.5225 -7.4975 -7.4425 -7.27 -6.7075 -6.37 -5.7675 -4.0725 -2.5525 -1.2175 -0.9425 -0.9825 0.491 0.56 0.641 0.778 0.95 1.026 1.367 1.891 2.285 2.476 2.641 2.78 2.892 2.987 3.027 3.12 3.147 3.166 3.17 3.114 3.047 3.073 3.16 3.309 3.493 3.552 3.532 3.213 2.692 2.056 1.563 1.47 1.752 2.215 2.77 3.063 3.05 3.079 3.342 3.439 3.348 3.717 3.868 3.698
-9999 -9999 -9999 -9999 -9999 -9999 -12.5 -7.3925 -7.0625 -6.965 -6.7225 -7.4725 -8.7825 -9.3175 -8.855 -7.64 -6.87 -6.815 -6.31 -6.9175 -7.4875 -7.525 -7.5025 -7.37 -7.165 -6.94 -6.4125 -5.125 -3.1425 -1.42 -0.9825 -0.94 0.448 0.498 0.575 0.67 0.853 1.173 1.661 2.057 2.313 2.519 2.662 2.768 2.856 2.954 3.002 3.048 3.038 3.053 3.069 3.11 3.159 3.148 3.208 3.308 3.462 3.534 3.473 2.908 2.135 1.672 1.457 1.508 1.893 2.449 3.025 3.461 3.658 3.736 3.859 3.869 3.642 3.87 4.161 4.262
-9999 -9999 -9999 -9999 -9999 -9999 -12.5 -8.07 -8.2075 -8 -7.4825 -8.235 -9.655 -9.9025 -9.235 -8.3525 -7.1825 -6.92 -6.5625 -6.7975 -7.3475 -7.4675 -7.4775 -7.39 -7.29 -7.1625 -6.8425 -5.555 -3.315 -1.48 -1.065 -0.9325 -1.02 0.458 0.55 0.697 0.884 1.1 1.369 1.638 2.017 2.337 2.487 2.561 2.713 2.862 2.97 2.999 2.966 2.931 2.911 2.966 2.937 3.034 3.169 3.324 3.441 3.477 3.158 2.283 1.747 1.5 1.421 1.592 2.189 2.775 3.239 3.639 3.872 3.97 4.074 4.113 3.978 3.98 4.322 4.594
-9999 -9999 -9999 -9999 -9999 -9999 -12.5 -9.14 -9.63 -9.4325 -8.5875 -9.085 -10.2325 -10.1175 -9.3425 -8.5275 -7.69 -6.95 -6.95 -6.9825 -7.31 -7.395 -7.4375 -7.39 -7.3525 -7.27 -6.935 -5.1625 -2.695 -1.2275 -1.095 -0.9425 -1.045 0.491 0.599 0.791 0.948 1.13 1.243 1.318 1.496 1.821 2.074 2.455 2.695 2.806 2.892 2.919 2.85 2.77 2.648 2.666 2.834 3.02 3.179 3.336 3.425 3.429 2.769 1.918 1.544 1.43 1.458 1.887 2.589 3.139 3.476 3.709 3.832 3.957 4.137 4.228 4.227 4.197 4.371 4.725
-9999 -9999 -9999 -9999 -9999 -9999 -12.5 -10.6575 -11.0725 -10.835 -10.085 -10.38 -10.7075 -10.195 -9.335 -8.51 -7.94 -7.295 -7.0725 -7.385 -7.525 -7.485 -7.41 -7.3375 -7.245 -7.19 -6.595 -4.18 -1.75 -1.0925 -1.1475 -1.0925 0.455 0.501 0.603 0.865 1.094 1.384 1.672 1.764 1.567 1.629 2.22 2.544 2.666 2.682 2.793 2.852 2.83 2.708 2.568 2.692 2.929 3.118 3.273 3.402 3.399 3.279 2.341 1.656 1.398 1.408 1.893 2.585 3.103 3.372 3.518 3.558 3.654 3.951 4.167 4.279 4.382 4.493 4.582 4.817
-9999 -9999 -9999 -9999 -9999 -9999 -12.5 -11.82 -12.0225 -11.7225 -11.115 -10.8425 -10.7825 -10.1975 -9.2875 -8.4625 -7.94 -7.59 -7.215 -7.52 -7.7075 -7.59 -7.34 -7.105 -6.9 -6.6625 -4.6725 -2.56 -1.165 -1.0475 -1.02 -1.02 0.482 0.509 0.598 0.813 1.204 1.54 1.831 2.025 1.935 1.707 2.106 2.366 2.468 2.555 2.709 2.76 2.661 2.523 2.55 2.82 3.082 3.27 3.388 3.379 3.044 2.762 1.911 1.442 1.339 1.605 2.74 3.178 3.255 3.18 3.227 3.368 3.627 3.96 4.168 4.345 4.508 4.684 4.814 4.918
-9999 -9999 -9999 -9999 -9999 -9999 -12.5 -12.205 -12.19 -11.8125 -10.8525 -10.3 -10.5275 -10.0075 -9.105 -8.3 -7.88 -7.665 -7.565 -7.41 -7.55 -7.6575 -7.3875 -6.85 -6.0325 -4.8025 -2.7475 -1.35 -1.135 -1.0675 -0.955 0.382 0.474 0.535 0.661 0.927 1.311 1.668 1.806 1.841 2.031 1.866 1.856 2.182 2.366 2.456 2.55 2.505 2.433 2.448 2.675 2.984 3.195 3.361 3.417 3.224 2.787 2.406 1.593 1.32 1.383 1.921 3.086 3.136 2.872 2.963 3.229 3.505 3.742 3.973 4.191 4.425 4.627 4.83 4.942 4.985
-9999 -9999 -9999 -9999 -9999 -9999 -12.5 -11.905 -11.6775 -11.285 -10.315 -9.65 -10.075 -9.5975 -8.83 -8.175 -7.855 -7.775 -7.7525 -7.6025 -7.305 -7.525 -7.5575 -7.2525 -6.2275 -3.84 -1.5575 -1.0075 -1.065 -1.075 -0.965 0.412 0.499 0.576 0.695 0.966 1.348 1.664 2.095 2.197 2.219 2.057 1.792 1.922 2.18 2.384 2.184 2.32 2.487 2.632 2.906 3.152 3.326 3.385 3.24 3.025 2.624 2.102 1.47 1.353 1.522 1.938 2.431 2.469 2.74 3.172 3.472 3.703 3.852 3.999 4.225 4.462 4.688 4.884 4.914 4.886
-9999 -9999 -9999 -9999 -9999 -9999 -12.5 -10.775 -10.4125 -10.06 -9.2725 -8.965 -9.575 -9.18 -8.5775 -8.1025 -7.8225 -7.7275 -7.7675 -7.8275 -7.5475 -6.9875 -7.22 -7.3225 -5.9425 -2.86 -1.1075 -1.0375 -1.1 -1.0875 0.43 0.472 0.545 0.603 0.729 1.012 1.33 1.551 2.184 2.516 2.506 2.252 2.047 2.178 2.464 2.56 2.599 2.785 2.886 2.897 2.87 3.411 3.514 3.259 2.754 2.544 2.286 1.782 1.371 1.437 1.721 2.05 2.405 2.539 2.828 3.22 3.568 3.805 3.928 4.064 4.268 4.489 4.591 4.596 4.605 4.64
-9999 -9999 -9999 -9999 -9999 -9999 -12.5 -9.4675 -9.0275 -8.645 -8.09 -8.4025 -8.97 -8.7 -8.2925 -7.9825 -7.7675 -7.47 -7.39 -7.6525 -7.6775 -7.49 -6.7575 -6.3075 -4.3725 -1.8425 -0.9425 -1.0925 -1.15 -1.0775 0.425 0.468 0.541 0.63 0.8 1.079 1.324 1.484 2.152 2.486 2.534 2.45 2.436 2.489 2.55 2.977 3.167 3.088 2.54 2.524 2.857 3.501 3.585 3.309 2.644 2.151 1.825 1.46 1.354 1.545 1.907 2.317 2.778 2.968 2.933 3.107 3.437 3.75 3.935 4.12 4.309 4.411 4.35 4.382 4.574 4.751
-9999 -9999 -9999 -9999 -9999 -9999 -12.5 -8.84 -8.2075 -7.715 -7.4875 -8.0375 -8.25 -8.085 -7.9825 -7.795 -7.41 -6.9225 -7.1625 -7.635 -7.6625 -7.495 -6.6275 -4.8075 -2.7725 -1.24 -0.95 -1.0975 -1.1875 -1.1025 0.425 0.475 0.558 0.72 0.926 1.181 1.384 1.519 2.085 2.225 2.633 2.697 2.661 2.774 2.613 2.714 3.255 2.601 1.876 2.389 3.213 3.432 3.372 3.103 2.286 1.795 1.504 1.339 1.386 1.678 2.15 2.547 2.935 3.223 3.271 3.359 3.501 3.73 3.96 4.134 4.266 4.128 4.211 4.494 4.701 4.855
-9999 -9999 -9999 -9999 -9999 -9999 -12.5 -8.8475 -8.36 -7.72 -7.1275 -7.33 -7.4 -7.6775 -7.71 -7.4425 -6.915 -6.75 -7.265 -7.605 -7.5425 -7.1775 -4.9275 -3.0175 -1.57 -1.0775 -1.145 -1.17 -1.0675 0.431 0.457 0.539 0.626 0.854 1.114 1.441 1.626 1.747 1.863 2.101 2.723 2.769 2.909 2.986 2.639 2.538 3.12 2.159 2.235 3.143 3.285 3.117 3.226 2.866 1.945 1.463 1.327 1.322 1.462 1.9 2.481 2.924 3.212 3.41 3.499 3.61 3.694 3.822 4.008 4.128 4.049 3.893 4.226 4.512 4.682 4.816
-9999 -9999 -9999 -9999 -9999 -9999 -12.5 -8.675 -8.54 -8.1375 -7.1575 -6.635 -7.08 -7.4575 -7.405 -7.1825 -6.61 -6.7675 -7.2875 -7.5175 -7.335 -6.2575 -3.9725 -2.085 -1.175 -1.1375 -1.22 -1.2125 -1.1425 0.458 0.502 0.577 0.74 0.952 1.227 1.559 1.711 1.656 1.794 2.289 2.724 3.05 3.164 3.338 2.932 3.368 3.969 3.227 2.901 3.344 3.192 3.28 3.122 2.257 1.453 1.262 1.288 1.363 1.65 2.211 2.793 3.174 3.409 3.544 3.634 3.721 3.797 3.926 4.03 3.902 3.649 3.717 3.991 4.204 4.363 4.558
-9999 -9999 -9999 -9999 -9999 -9999 -12.5 -7.6175 -7.945 -7.9625 -7.395 -6.1825 -6.6125 -7.1475 -7.0625 -6.7725 -6.4975 -6.9025 -7.325 -7.485 -6.7375 -4.765 -2.91 -1.4825 -1.14 -1.19 -1.13 -1.12 0.44 0.455 0.594 0.717 0.931 1.192 1.342 1.493 1.648 1.821 2.145 2.609 3.087 3.258 3.229 3.348 3.494 3.898 4.246 4.165 3.538 3.302 3.522 3.118 2.376 1.641 1.263 1.235 1.335 1.477 1.826 2.343 2.736 3.013 3.201 3.391 3.596 3.705 3.79 3.879 3.799 3.47 3.531 3.774 4.064 4.346 4.504 4.544
-9999 -9999 -9999 -9999 -9999 -9999 -12.5 -7.0125 -6.9075 -7.135 -6.8525 -5.855 -6.225 -6.5325 -6.685 -6.495 -6.6275 -7.1175 -7.2075 -7.0375 -5.775 -3.8375 -2.175 -1.395 -1.2825 -1.1675 -1.0975 -1.115 0.449 0.475 0.623 1.031 1.45 1.611 1.648 1.932 2.045 2.21 2.704 3.18 3.418 3.403 3.319 3.386 3.516 3.641 3.892 3.984 3.75 3.278 3.251 2.511 1.83 1.329 1.215 1.3 1.523 1.631 1.763 1.98 2.182 2.331 2.459 2.802 3.305 3.489 3.614 3.636 3.359 3.428 3.76 4.049 4.254 4.509 4.754 4.87
-9999 -9999 -9999 -9999 -9999 -9999 -12.5 -7.445 -6.995 -6.48 -6.015 -5.5975 -5.265 -5.315 -5.8125 -6.6225 -6.93 -6.985 -5.735 -4.5375 -4.32 -3.0725 -1.75 -1.3725 -1.2925 -1.1375 -1.11 0.446 0.474 0.594 0.957 1.524 2.014 2.084 1.982 2.197 2.224 2.169 2.7 3.222 3.385 3.359 3.615 3.87 3.904 3.65 3.559 3.563 3.366 3.057 2.837 2.166 1.521 1.2 1.231 1.532 1.82 1.998 2.202 2.343 2.449 2.409 2.471 2.541 2.68 2.916 3.151 3.168 3.287 3.657 3.989 4.299 4.519 4.713 4.913 5.305
