example/model_case/input/mesh/DEM.txt
ncols    269
nrows    269
xllcorner    0
yllcorner    0
cellsize    10
NODATA_value    -9999
[rows 136 to 169 of 269, columns 152 to 227 of 269]
14.84 14.29 14.87 15.82 16.12 15.61 15.135 15.335 16.275 17 17.015 16.045 15.055 13.925 12.58 11.78 11.07 12.035 13.17 14.04 14.9 14.785 13.42 12.67 13.05 13.54 13.485 14.19 14.74 16.495 17.85 19.04 18.74 16.495 16.71 17.05 17.45 18.485 18.91 18.4 17.99 19.285 20.14 19.1 17.755 17.725 17.155 15.845 14.075 13.59 14.36 13.285 11.01 9.525 9.135 9.935 10.5 11.26 12.305 13.62 14.825 16.025 17.635 19.07 19.81 20.56 20.72 20.29 19.5 18.93 18.485 17.165 15.995 16.045 17.05 17.11
13.46 13.95 14.855 15.55 15.465 14.905 14.4 14.77 15.675 16.435 16.85 16.595 15.76 14.24 12.975 12.205 11.78 12.585 13.465 14.52 15.375 15.435 14.03 13.635 14.04 14.455 14.38 15.445 15.955 16.875 19.145 20.48 19.42 17.29 18.025 18.55 18.46 19.555 20.26 19.555 18.62 19.37 20.75 19.855 18.855 18.15 17.1 15.81 14.68 15.145 15.555 14.33 11.865 10.04 9.49 9.895 10.36 10.975 11.82 12.65 13.235 14.1 15.865 17.595 19.065 20.27 21.18 21.99 21.85 20.63 19.19 17.995 17.18 17.415 18.38 17.985
13.065 14.485 15.235 15.3 15.035 14.175 13.985 14.525 15.17 16.17 16.855 16.63 15.38 14.23 13.29 12.37 12.58 13.565 13.765 14.78 16.085 16.065 14.83 15.635 16 16.2 15.525 16.45 17.755 17.455 19.02 21.57 19.98 17.905 18.64 19.72 19.445 20.07 21.89 21.31 19.47 19.76 21.59 20.95 19.08 17.69 16.555 15.835 16.07 16.585 16.655 15.485 13.07 11.08 10.02 9.96 10.115 10.365 10.755 11.175 11.475 12.315 13.66 15.165 17.015 18.09 19.02 21.02 22.72 22.16 20.51 19.465 18.915 18.93 19.185 18.47
13.68 15.065 15.34 15.21 14.715 13.605 14.34 15.275 15.8 16.525 17.1 16.585 15.53 15.095 14.445 13.185 12.97 14.37 14.85 15.28 16.665 17.14 16.43 17.825 18.475 18.175 17.06 17.315 18.545 18.885 19.07 21.02 20.47 18.555 18.87 20.95 21.59 21.95 23.55 23.09 20.6 20.64 22.44 21.52 19.125 17.545 16.65 16.81 17.185 17.375 17.37 16.76 14.91 12.6 10.99 10.57 10.71 10.605 10.63 10.965 11.075 11.245 11.775 13.085 14.71 15.925 17.67 19.545 21.52 21.28 20.09 19.48 19.105 19.095 19.4 18.935
14.06 14.71 14.275 14.28 13.69 12.94 14.01 15.49 16.5 17.13 17.61 17.13 16.72 16.64 15.87 14.365 13.825 14.645 15.665 16.425 17.145 18.065 18.305 19.22 20 19.12 18.6 18.87 19.505 21.2 20.8 22.08 21.43 19.455 19.185 19.955 22.29 24.14 25.35 24.69 22.18 22.18 23.32 21.69 19.455 18.205 17.525 17.635 17.78 17.575 17.215 16.815 15.64 13.515 11.605 11.185 11.495 11.2 11.17 11.91 12.33 12.12 11.69 11.96 13.36 15.355 17.1 18.505 19.325 19 18.775 18.65 18.395 18.54 19.16 19.385
12.505 13.22 12.785 12.71 12.41 12.215 13.25 14.64 15.84 17.08 17.925 18.045 18.02 17.87 17.015 15.74 15.535 15.6 16.445 17.28 18.03 18.96 19.78 21 22.06 20.97 21.53 21.45 21.38 23.19 23.52 24.2 23.58 21.63 21.29 21.11 22.62 24.91 26.76 25.9 23.92 24.37 24.52 22.59 20.35 18.99 17.955 17.465 17.055 16.255 15.37 14.7 13.805 12.735 11.955 11.87 12.055 11.71 11.68 12.47 13.44 13.645 12.855 12.025 12.75 14.35 15.68 16.975 17.66 17.335 17.185 17.515 17.76 18.32 19.22 19.905
9.625 10.465 10.945 11.19 11.42 11.91 12.725 13.715 14.68 15.865 16.925 17.755 18.25 18.045 17.445 17.035 17.13 17.33 17.95 18.5 19.095 20.02 21.54 22.84 23.49 23.33 23.88 23.97 23.86 24.74 25.56 26.11 25.68 24.56 24.03 23.55 24.77 26.28 27.55 27.37 26.57 26.54 25.83 23.58 20.09 18.735 18.105 17.805 17.485 16.92 15.635 14.21 13.73 13.26 13.005 13.025 12.71 12.215 12.21 13.08 14.27 14.985 14.615 13.11 12.385 13.345 14.79 15.695 15.8 15.955 16.65 17.44 18.14 18.88 19.73 20.94
10.67 9.86 10.05 10.985 11.74 12.33 13.23 14.14 15.07 16.075 17.04 17.78 18.31 18.4 18.255 17.945 18.385 18.785 19.2 19.64 19.865 20.52 21.45 22.48 22.68 23.02 23.72 23.99 23.98 24.84 25.9 26.24 25.95 26.03 26.12 26.01 26.93 27.92 28.57 28.82 28.62 28.11 26.02 22.25 19.925 19.9 19.425 19.005 18.445 17.455 15.825 15.145 15.18 14.63 14.42 14.15 13.1 12.53 12.715 13.65 14.99 16.34 16.325 14.47 12.92 12.93 13.64 14.175 14.485 15.635 16.935 17.9 18.81 19.645 20.54 21.46
12.195 10.585 10.475 11.73 12.7 13.24 14.01 15.025 15.97 16.79 17.435 17.915 18.18 18.3 18.18 17.885 18.205 18.475 18.955 19.435 19.605 19.745 20.08 20.84 21.35 22.07 22.88 23.3 23.29 23.7 24.55 24.49 24.71 25.96 26.81 27.42 28.1 28.38 29 29.75 29.88 29.04 26.25 23.28 23.07 23.13 21.26 19.64 18.4 17.135 16.58 16.37 16.07 15.72 15.465 14.73 13.31 12.78 13.385 14.72 16.07 17.5 17.68 15.75 13.955 13.445 13.41 13.72 14.16 15.05 16.175 17.365 18.495 19.36 19.85 20.3
12.72 10.94 11.1 12.61 13.555 14.175 14.735 15.535 16.17 16.73 16.73 17.2 17.705 17.67 17.375 17.13 17.335 17.67 18.125 18.52 18.91 19.36 19.84 20.39 20.93 21.42 21.66 21.9 21.9 21.37 21.72 22.67 24.43 26.1 27.15 27.48 27.42 27.25 28.26 29.54 30.04 29.87 28.21 27.07 26.82 25.58 23.38 20.68 18.62 17.915 17.985 17.115 16.575 16.23 15.62 14.49 13.21 13.185 14.29 15.955 17.555 18.57 18.285 16.4 15.025 14.465 14.49 14.305 14.335 14.725 15.275 16.22 17.195 18.14 19.1 19.88
12.73 11.285 11.46 12.925 14.05 14.39 14.845 15.48 15.625 15.735 15.82 16.54 17.195 16.765 16.36 16.61 17.41 18.025 18.525 18.975 19.385 19.63 20.16 20.59 20.25 19.87 19.425 19.295 19.52 19.735 20.98 23.03 25.11 26.72 27.21 26.49 25.36 25.26 26.81 28.51 29.44 30.11 30.34 29.31 28.1 26.48 24.35 21.16 19.22 19.435 19.25 18.07 16.99 16.065 15.065 14.16 13.555 13.76 15.09 16.795 18.44 19.48 19.03 17.485 16.325 15.805 15.76 15.055 15.085 15.44 15.225 15.49 16.675 18.095 19.4 20.72
12.64 11.96 11.715 12.315 13.11 13.33 13.915 14.595 14.485 14.78 15.22 15.765 16.13 16.14 16.25 16.59 17.36 18.185 18.925 19.56 19.865 19.925 20.15 19.83 19.285 18.59 18 17.9 18.715 19.775 21.67 23.75 25.78 26.65 25.73 23.94 23.24 24.24 25.85 27.34 28.28 29.76 30.45 28.77 26.41 25.11 23.76 21.49 21.16 21.51 19.975 18.53 17.105 15.97 14.93 14.655 14.67 14.51 15.26 16.8 18.69 20.3 20.18 18.59 17.52 17.16 16.375 15.62 16.16 16.765 16.3 15.555 16.555 18.235 19.505 20.73
13.145 13 12.735 12.585 12.94 13.17 13.33 13.88 14.535 15.38 16.03 16.375 16.41 16.82 17.015 16.965 17.66 18.52 19.185 19.74 20.08 20.11 19.755 19.045 18.1 17.465 17.455 17.82 18.83 20.14 22.59 24.58 25.89 25.66 23.91 21.88 21.78 23.28 25.03 26.11 26.97 28.69 28.99 27.13 24.17 22.87 23.29 23.22 23.28 22.77 20.14 18.47 17.105 16.075 15.405 15.615 15.73 15.48 15.745 16.665 18.56 20.97 21.96 19.925 18.88 17.63 16.295 16.22 17.025 17.755 17.35 16.385 16.165 16.96 18.01 18.945
14.18 14.025 13.72 14.025 14.46 14.445 14.105 14.605 15.695 16.4 17.09 17.61 17.68 17.74 17.78 17.77 18.35 19.1 19.545 19.75 19.865 19.685 19.075 18.01 17.01 16.705 17.215 18.08 19.11 20.49 22.92 24.86 25.61 24.8 22.69 20.41 20.54 22.63 24.46 25.2 25.7 26.07 25.89 24.68 22.23 21.1 22.35 23.23 23.39 22.62 19.99 18.43 17.38 16.58 16.345 16.755 16.97 16.735 17.05 17.51 18.63 21.07 22.95 21.66 19.45 17.56 17.1 17.54 18.065 18.495 18.435 17.935 17.095 16.54 17.085 18.1
15.33 15.08 14.9 15.455 15.74 15.875 15.375 15.41 16.525 17.5 17.985 18.325 18.405 18.38 18.415 18.63 18.95 19.335 19.44 19.43 19.31 19 18.1 16.89 16.21 16.74 17.53 18.39 19.45 20.99 22.8 24.46 25.34 24.58 22.18 19.815 19.875 22 23.6 23.62 23.34 23.15 23.17 22.49 20.43 19.725 20.99 22.37 22.71 22.2 20.97 19.43 18.515 17.795 17.69 18.055 18.305 18.205 18.465 19.11 19.245 20.83 22.77 21.33 19.215 17.86 18.395 18.99 19.575 20.4 20.25 19.57 18.47 17.515 17.565 18.85
16.05 15.98 16.045 16.64 17.08 17.21 16.57 16.565 17.185 17.95 18.535 18.67 18.56 18.525 18.715 19.005 19.275 19.065 18.75 18.335 18.04 17.8 16.915 16.17 16.135 17.235 18.09 19.04 20.26 21.89 23.11 24.13 24.73 24.05 21.13 19.33 19.845 21.69 22.73 22.19 20.87 20.82 21.61 21.5 19.895 19.025 19.835 21.5 21.9 21.89 21.66 20.49 19.315 18.775 18.925 19.35 19.66 19.82 20.16 21.56 22.1 22.88 22.85 20.41 19.275 18.55 19.465 20.97 22.15 23.81 23.81 22.47 19.98 18.655 18.04 19.035
16.31 16.685 16.97 17.455 17.945 17.88 17.605 17.73 17.92 18.16 18.585 18.645 18.565 18.695 18.805 18.8 18.82 18.48 17.895 17.085 16.455 16.07 15.715 15.475 15.91 17.22 18.42 19.605 21.24 22.47 23.55 23.82 23.3 22.51 19.96 18.905 20 21.46 21.84 21.29 19.77 19.47 20.28 20.56 19.47 18.58 19.745 20.83 20.95 21.01 21.21 20.43 19.235 18.835 19.3 19.865 20.48 21.25 22.64 23.99 24.58 24.48 23.01 21.24 20.89 19.77 20.87 22.76 24.16 25.68 25.67 24.66 22.46 19.685 19.21 19.41
16.23 16.8 17.23 17.625 18.07 17.99 17.775 18.035 18.225 18.265 18.155 18.055 18.285 18.665 18.55 18.125 17.77 17.64 17.14 16.28 15.525 14.77 14.755 15.02 15.755 16.865 18.165 19.515 21.05 22.3 22.91 21.98 21.03 20.63 19.28 18.4 19.58 20.05 20.28 19.92 19.195 18.755 19.185 19.455 18.735 17.83 19.145 19.61 19.59 19.63 19.785 19.665 18.775 18.685 19.21 19.735 20.4 21.57 23.31 24.69 25.26 25.19 24.41 23.41 22.97 22.03 22.37 23.67 25.47 26.83 26.61 25.51 23.7 20.83 21.19 22.03
16.045 16.635 17.1 17.635 17.685 17.285 17.325 17.75 17.89 17.84 17.585 17.31 17.77 18.295 18.085 17.385 16.81 16.865 16.55 15.715 14.87 14.37 14.92 15.455 16.2 16.855 18.015 19.405 20.52 21.24 21.61 20.41 19.45 19.18 18.19 17.59 18.545 19.025 19.145 18.95 18.6 17.935 17.8 18.435 17.795 16.835 17.83 18.465 18.705 19 19.19 18.805 17.94 18.17 18.77 19.47 20.5 22.08 23.59 24.71 25.36 25.48 25.52 25.13 24.77 24.15 23.79 24.91 26.83 27.86 27.14 25.59 23.48 21.48 22.73 25.11
15.735 16.33 16.875 17.33 17.115 16.455 16.575 17.05 17.165 17.075 16.775 16.725 17.28 17.74 17.58 16.885 16.015 15.955 16.215 15.345 14 14.57 15.8 16.49 17.09 17.6 18.4 19.555 20.5 20.77 20.23 19.5 18.565 17.885 17.16 17.095 17.985 18.35 18.215 18.215 18.255 17.515 16.665 17.17 16.375 16.505 17.295 17.735 18.35 18.83 18.745 17.805 17 17.71 18.775 19.75 21.15 22.45 23.47 24.25 24.64 24.88 25.18 25.23 25.4 25.57 25.63 26.53 28 28.68 27.91 26.12 23.67 22.08 23.15 25.76
15.835 16.335 16.675 16.7 16.445 15.85 15.575 16.11 16.17 16.11 16.025 16.435 16.99 17.35 17.16 16.48 15.445 15.025 15.46 14.715 13.71 14.81 16.185 17.17 17.93 18.375 18.87 19.775 20.4 19.955 19.425 18.89 18.415 17.415 16.39 16.81 17.655 17.59 17.475 17.815 17.945 17.31 15.77 15.24 15.815 16.835 16.92 17.42 18.005 18.275 17.825 16.645 16.61 17.85 18.945 19.66 20.66 21.93 22.6 22.88 23.41 23.89 24.61 25.43 26.1 26.67 27.19 27.99 28.93 29.01 28.21 26.81 24.83 23.63 24.11 25.64
16.28 16.63 16.745 16.215 15.525 14.75 14.615 15.075 15.13 15.18 15.62 16.355 16.925 17.175 16.78 15.755 14.72 13.86 13.91 13.59 14.18 15.525 16.675 17.7 18.415 18.985 19.58 20.38 20.45 19.495 18.67 18.28 18.135 17.195 15.975 16.355 16.865 17.02 17.385 17.62 17.61 17.095 15.22 14.355 16.225 16.74 16.3 17.11 17.71 17.3 16.245 15.38 16.16 17.065 17.735 18.335 19.12 19.82 20.51 21.57 23.26 24.22 25.19 26.04 27.05 27.82 28.44 28.81 29.12 28.76 28 26.99 26.08 25.58 25.91 26.48
16.445 16.595 16.465 15.52 14.595 13.855 13.66 14.115 14.34 14.88 15.81 16.445 16.665 16.7 16.25 15.06 13.6 12.745 12.9 13.91 15.16 16.135 16.975 17.83 18.355 19.125 19.975 21.21 20.74 19.33 18.03 17.38 17.345 16.27 15.23 15.7 16.795 17.385 17.625 17.3 16.835 16.31 14.22 14.025 16.105 16.21 15.72 16.69 17 15.815 14.775 15.345 16.33 16.975 17.775 18.825 19.73 20.34 21.51 22.92 24.09 24.9 25.71 26.57 27.7 28.65 29.18 29.28 28.93 28.43 27.75 27.06 26.9 26.97 27.47 -9999
16.675 16.575 16.095 15.035 14.09 13.335 13.145 13.715 14.425 15.395 16.085 16.41 16.195 16.07 15.47 14.025 12.245 12.215 13.78 14.935 15.75 16.415 16.88 17.23 17.83 18.895 20.1 21.53 21.03 19.3 17.885 16.535 16.39 15.675 14.845 15.845 17.115 17.435 17.475 16.61 15.595 14.92 12.92 13.88 15.645 15.135 15.41 16.215 15.57 14.165 14.71 16.15 17.305 18.1 19.035 20.1 21.54 22.34 23.05 23.63 24.15 24.68 25.74 26.85 27.85 28.7 29.2 29.12 28.74 28.13 27.43 26.84 26.99 27.48 28.02 -9999
16.69 16.5 15.805 14.71 13.655 12.83 12.915 13.705 14.695 15.725 16.23 16.205 15.615 15.06 14.575 13.09 11.43 11.91 13.505 14.68 15.255 15.735 16.28 16.85 17.585 18.78 20.27 21.49 21.13 19.595 18.215 16.59 15.27 14.435 14.605 16.385 17.23 17.19 16.805 15.415 13.76 12.77 11.48 13.095 13.885 13.685 14.845 14.845 13.66 13.745 15.005 16.395 17.595 18.67 19.725 21.45 22.8 23.33 23.3 23.21 23.39 24.09 25.55 26.8 27.52 28.2 28.44 28.19 27.82 27.7 26.9 25.99 26.43 27.23 -9999 -9999
16.465 16.275 15.505 14.43 13.035 12.335 12.95 13.92 14.98 15.915 16.185 15.845 15.01 13.995 13.72 12.805 11.04 12.19 13.79 14.46 15.025 15.925 16.67 17.435 18.045 19.06 20.38 21 20.62 19.62 18.525 17.345 15.895 14.15 14.68 16.385 16.835 16.245 15.32 13.57 11.81 10.89 10.285 11.435 11.785 12.29 13.045 12.77 13.31 14.55 15.58 16.6 17.66 18.775 19.995 22.32 23.48 23.42 22.83 22.29 22.4 23.96 25.62 26.5 27.01 27.44 27.3 26.6 25.97 26.54 25.73 25.25 25.97 -9999 -9999 -9999
15.965 15.935 15.59 14.63 13.145 12.205 12.96 14.265 15.175 15.81 16.08 15.595 14.665 13.535 12.695 11.875 10.725 12.585 14.295 14.97 15.39 16.05 16.915 17.77 18.525 19.255 19.93 20.1 19.775 19.06 18.03 17.085 15.57 13.785 14.56 15.895 15.835 14.11 12.47 10.955 9.645 9.25 9.355 9.935 10.325 10.83 11.47 12.355 14.025 15.395 16.53 17.535 18.61 19.73 21.57 23.25 23.45 22.07 21.01 20.94 22.06 23.97 25.45 26.04 26.42 26.48 26.07 25 24.12 24.48 24.44 25.13 25.63 -9999 -9999 -9999
15.58 15.715 15.625 14.81 13.06 11.865 13.03 14.485 15.145 15.595 15.935 15.66 14.65 13.675 12.965 11.45 10.31 12.515 14.13 14.635 15.37 16.265 17.225 18.055 18.77 19.31 19.695 19.575 18.745 17.83 16.78 15.73 14.325 13.37 15.245 15.805 14.4 11.445 9.405 8.52 8.77 9.56 10.37 11.095 11.405 11.985 12.55 13.13 13.975 15.34 16.69 17.935 19.195 20.68 22.83 24 23.2 20.58 19.625 20.75 22.4 23.75 24.31 24.8 25.43 25.45 24.84 23.75 22.53 22.81 24.25 25.07 25.31 25.64 -9999 -9999
15.595 15.52 15.205 14.34 12.565 11.565 13.265 14.685 15.18 15.45 15.51 15.24 14.45 13.62 13.185 11.915 9.95 11.865 13.525 14.45 15.21 16.115 17.18 18.055 18.81 19.33 19.42 19.055 17.835 15.945 14.475 13.32 12.665 13.93 15.54 14.99 12.635 9.465 7.655 8.28 10.165 11.76 12.795 13.52 13.825 14.31 14.645 14.705 14.785 15.55 16.49 17.75 19.275 21.15 23.43 24.3 22.6 19.475 19.045 20.54 22.2 22.92 22.56 22.82 23.82 24.03 23.42 22.11 21.18 22.13 23.66 24.07 24.25 24.84 -9999 -9999
15.485 15.05 14.475 13.71 12.285 11.34 13.34 14.825 15.175 15.085 14.58 14.185 13.62 13.04 12.87 11.7 9.57 10.875 12.365 13.75 14.85 15.905 17.15 18.06 18.705 18.985 18.865 18.315 17.16 14.825 12.295 11.48 12.62 14.625 14.67 13.095 10.585 7.99 7 8.13 10.225 12 13.505 14.805 15.475 15.805 15.95 16 16.235 16.975 17.795 18.905 20.28 22.49 23.77 24.07 21.91 18.845 18.575 19.77 21.18 21.51 20.9 21.21 22.17 22.55 22.23 20.77 19.905 20.78 22.16 22.66 23.33 24.32 25.32 -9999
14.815 14.255 13.52 12.68 11.395 11.26 13.38 14.785 14.97 14.43 13.455 13.005 12.595 12.38 12.525 11.16 9.11 10.155 12.23 13.9 15.28 16.21 17.2 18.095 18.515 18.505 18.1 17.31 15.915 13.54 10.995 11.895 13.805 14.27 13.025 10.845 8.61 6.925 6.425 6.975 8.18 9.34 11.14 13.395 15.18 15.765 15.795 16.23 16.97 17.9 19.115 20.69 22.7 23.9 24.07 23.21 20.85 18.295 18 19.28 20 19.96 19.655 19.805 20.35 20.97 21.07 19.975 19.34 19.73 20.74 22.02 23.23 24.28 -9999 -9999
14.125 13.525 12.535 11.305 10.495 11.95 13.77 14.685 14.69 14.035 12.63 11.565 10.985 11.325 11.73 9.975 8.89 11.09 13.43 14.785 15.675 16.19 16.92 17.68 18.04 17.815 17.02 15.925 14.44 12.175 10.39 12.375 13.2 12.31 10.575 8.715 7.24 6.385 6.3 6.525 6.87 7.3 8.22 10.425 12.885 13.805 14.075 15.135 16.345 17.92 19.485 21.12 22.98 23.47 22.69 20.86 19.155 17.48 17.445 18.87 19.35 19.03 18.775 19.105 19.56 19.85 19.71 19.285 18.91 19.585 20.92 22.48 -9999 -9999 -9999 -9999
13.56 13.135 12.02 10.29 10.205 12.53 13.835 14.43 14.35 13.645 12.385 10.72 9.445 10.01 10.065 8.455 9.26 11.81 13.66 14.595 15.315 15.81 16.58 17.225 17.28 16.875 15.795 14.285 12.545 10.455 9.785 11.715 11.69 9.965 8.26 7.015 6.405 6.56 7.22 7.69 7.845 7.63 7.35 8.26 10.245 12.14 14.12 15.855 17.37 18.98 20.33 21.53 22.22 21.75 20.42 19.04 17.665 16.335 16.89 18.065 18.065 17.82 18.22 18.975 19.295 19.045 18.56 18.485 19.12 20.36 21.75 -9999 -9999 -9999 -9999 -9999
12.725 12.845 12.095 10.1 9.585 11.88 13.075 13.7 13.78 13.105 11.575 9.725 8.175 8.03 8.055 8.73 11.005 12.82 13.49 13.71 14.375 15.345 16.335 16.64 16.375 15.91 14.7 12.865 10.75 9.04 9.635 11.085 10.465 8.345 6.675 6.265 6.64 7.645 9.155 10.13 10.245 9.775 8.325 7.81 9.83 12.94 15.47 17.15 18.34 19.23 19.79 20.85 21.18 20.03 18.98 17.98 16.97 15.705 15.705 16.505 16.655 17.565 18.545 18.955 18.69 18.085 18.01 18.785 19.84 21.38 -9999 -9999 -9999 -9999 -9999 -9999
