example/model_case/input/mesh/DEM.txt
ncols    269
nrows    269
xllcorner    0
yllcorner    0
cellsize    10
NODATA_value    -9999
[rows 102 to 135 of 269, columns 152 to 227 of 269]
3.891 3.574 3.689 4.054 4.362 4.659 4.988 5.935 5.86 6.195 8.3 9.845 10.26 10.46 10.78 9.76 8.34 8.265 7.59 7.37 9.7 11.345 12.465 13.15 13.585 13.665 12.745 11.455 10.185 9.22 8.39 8.335 8.865 9.755 10.39 10.795 10.75 10.105 9.53 9.425 10.13 10.79 11.155 11.48 11.835 11.82 11.765 12.15 12.635 13.24 14.02 14.545 14.98 15.375 15.335 14.525 13.46 12.45 11.71 11.725 12.245 13.08 13.925 14.64 15.355 15.48 14.44 11.73 9.75 10.9 12.81 12.15 11.965 13.07 13.6 14.205
4.374 3.798 3.561 3.827 4.065 4.376 4.692 4.72 4.811 5.63 7.465 8.4 8.105 8.18 9.15 9.125 7.79 6.945 6.26 7.475 9.72 11.055 12.025 12.425 12.05 11.295 10.52 9.38 8.225 7.63 7.35 7.555 8.075 8.78 9.365 9.685 9.645 9.17 9.315 9.84 10.62 11.365 11.805 12.245 12.64 12.7 12.42 12.335 12.745 13.445 14.3 15.025 15.45 15.78 15.905 15.31 14.32 13.205 12.5 12.595 13.055 13.935 14.88 15.44 15.745 15.67 14.855 12.84 10.435 10.76 12.91 13.015 12.27 13.445 14.41 14.94
4.878 4.258 3.562 3.53 3.585 3.682 3.88 4.069 4.431 4.961 6.1 6.61 6.035 6.145 7.65 8.44 7.78 6.375 5.545 7.25 8.85 9.235 9.915 10.18 9.26 8.05 7.395 6.84 6.67 6.945 7.38 7.9 8.145 8.175 8.455 8.73 8.93 9.19 9.895 10.56 11.245 11.96 12.46 12.93 13.305 13.5 13.24 12.9 13.05 13.63 14.49 15.45 15.97 16.34 16.67 16.37 15.315 14.115 13.52 13.7 14.15 14.92 15.705 16.02 15.92 15.535 14.3 12.46 10.72 10.625 12.94 14.15 13.325 12.955 14.05 15.23
5.885 4.654 3.782 3.533 3.581 3.557 3.585 3.651 3.857 4.163 4.501 4.851 4.879 4.988 5.7 6.385 7.11 6.06 4.957 5.995 6.905 6.34 6.165 6.395 6.06 5.895 6.425 6.785 7.29 7.82 8.475 9.055 9.2 9.11 9.09 9.34 9.905 10.405 10.97 11.59 11.99 12.43 12.855 13.215 13.63 13.92 13.855 13.68 13.785 14.025 14.68 15.635 16.39 16.91 17.275 17.21 16.305 15.225 14.975 15.205 15.535 16.045 16.43 16.11 15.325 14.535 13.445 12.915 12.15 11.05 12.885 14.785 14.995 14.055 13.56 14.385
6.83 5.105 4.153 3.678 3.726 3.68 3.619 3.646 3.707 3.715 3.789 4.048 4.383 4.748 4.939 4.852 4.992 4.917 4.704 4.82 4.893 4.916 5.36 6.03 6.555 7.07 8.01 8.375 8.67 9.18 9.755 10.29 10.4 10.195 10.165 10.59 11.23 11.575 12.01 12.26 12.18 12.125 12.235 12.52 13.26 13.78 14.075 14.28 14.505 14.78 15.175 15.835 16.605 17.32 17.815 17.855 17.255 16.72 16.755 16.94 17.05 17.07 16.695 15.8 14.78 14.33 14.695 14.965 13.89 11.885 12.35 14.64 15.78 15.715 14.65 14.415
6.72 5.295 4.343 3.909 4.009 3.929 3.758 3.666 3.703 3.695 3.706 3.778 3.984 4.526 4.773 4.697 4.568 4.597 4.757 4.893 5.2 5.955 6.935 7.91 8.955 9.345 9.565 9.565 9.505 9.905 10.6 11.17 11.09 10.87 10.885 11.375 12.02 12.07 12.26 11.93 11.105 10.64 10.57 11.09 12.095 12.675 13.185 13.99 14.755 15.51 16.055 16.57 17.07 17.625 18.165 18.38 18.16 18.095 18.13 18.205 18.14 17.53 16.45 15.635 15.33 15.425 16.105 16.24 15.235 12.995 11.935 13.99 15.94 16.59 16.21 16.15
5.11 4.776 4.307 4.161 4.29 4.181 3.963 3.784 3.754 3.749 3.745 3.772 3.85 4.184 4.349 4.295 4.303 4.544 4.835 5.19 6.24 6.96 7.415 7.995 9.84 10.45 10.4 9.88 9.18 9.54 10.505 11.095 10.805 10.685 11.015 11.66 11.975 11.69 11.19 10.205 9.485 9.725 10.305 10.665 11.435 11.94 12.19 13.1 14.49 15.695 16.585 17.21 17.555 17.845 18.285 18.505 18.355 18.285 18.395 18.555 18.49 17.71 16.75 16.485 16.455 16.44 16.685 16.61 15.895 14.22 12.33 13.475 15.89 17.11 17.665 17.88
4.756 4.551 4.367 4.474 4.703 4.61 4.322 4.028 3.892 3.853 3.825 3.801 3.823 3.937 4.048 4.118 4.327 4.621 4.928 5.875 6.645 7.02 7.185 8.095 9.585 9.85 9.635 8.875 7.97 8.42 9.63 10.07 9.62 9.9 10.585 11.245 10.91 9.955 8.94 8.355 8.675 9.595 10.57 11.285 11.725 12.325 12.23 12.87 14.56 15.815 16.69 17.385 17.64 17.815 18.03 18.03 17.745 17.55 17.675 18.02 18.285 18.095 17.775 17.765 17.545 17.19 16.93 16.42 15.73 14.68 12.805 13.51 16.015 17.715 18.73 19.16
4.848 4.716 4.568 4.667 4.998 5.27 4.799 4.486 4.215 4.041 3.938 3.934 3.935 3.859 3.934 4.083 4.314 4.632 4.975 6.075 6.695 7.05 7.18 8.165 8.5 8.435 7.91 7.145 6.825 7.55 8.415 8.51 8.25 9.075 9.655 9.955 8.93 7.665 7.22 7.615 8.54 9.525 10.515 11.495 12.28 12.795 13.14 13.8 14.985 15.87 16.72 17.105 17.11 17.195 17.23 16.94 16.62 16.425 16.605 17.2 17.835 18.425 18.865 18.78 18.165 17.425 16.805 15.905 14.77 13.525 13.025 14.415 16.515 18.275 19.395 19.855
5.555 4.931 4.771 4.815 5.7 6.565 6.23 5.185 4.734 4.405 4.153 4.308 4.429 4.091 3.898 4.026 4.246 4.54 4.888 5.72 6.47 6.54 6.66 6.91 6.77 6.555 6.045 5.54 5.845 6.52 6.94 6.745 6.785 7.66 7.88 7.61 6.745 6.1 6.555 7.48 8.47 9.46 10.45 11.435 12.42 13.27 13.88 14.6 15.08 15.61 16.415 16.155 16.07 16.305 16.15 15.6 15.34 15.635 16.335 17.21 18.11 18.86 19.34 19.135 18.235 17.135 16.165 15.285 14.105 13.435 14.235 15.65 17.09 18.44 19.47 20.06
6.93 5.615 4.927 4.908 5.7 7.075 7.54 7.02 5.62 4.733 4.428 4.609 4.954 4.716 4.081 3.943 4.077 4.211 4.389 4.646 4.931 4.951 4.992 4.989 4.956 4.928 4.91 4.921 4.966 5.195 5.005 4.959 5.21 5.715 5.68 5.58 5.315 5.41 6.355 7.36 8.36 9.35 10.34 11.325 12.315 13.295 14.2 14.64 14.53 14.92 15.445 14.685 14.5 14.895 14.51 14.345 15.22 16.24 16.98 17.67 18.38 19.08 19.38 19.065 18.11 16.97 15.87 15 14.26 13.83 14.555 15.9 17.045 17.995 18.765 19.51
8.05 6.38 5.38 5.21 5.985 7.52 8.475 8.24 6.745 4.938 4.606 4.771 5.67 6.06 4.727 4.107 3.983 3.975 3.992 4.078 4.344 4.444 4.518 4.484 4.486 4.534 4.61 4.71 4.733 4.714 4.647 4.603 4.631 4.734 4.805 4.842 4.785 4.829 5.215 6.28 7.33 8.44 9.585 10.62 11.64 12.655 13.62 13.69 13.155 13.59 14.135 13.3 12.675 12.845 13.24 14.725 15.87 16.74 17.45 18.015 18.325 18.58 18.625 18.55 18.06 17.035 16.25 15.695 15.015 14.145 14.01 14.755 15.75 16.515 17.405 18.61
8.79 7.09 6.275 6.095 6.765 8.39 9.24 8.395 6.825 4.967 4.717 4.92 6.32 7.29 6.405 4.796 4.525 4.314 4.119 4.014 4.1 4.193 4.176 4.234 4.231 4.279 4.363 4.473 4.476 4.459 4.474 4.489 4.485 4.513 4.553 4.63 4.612 4.718 4.932 5.685 6.705 7.8 8.945 9.96 10.96 11.965 12.915 12.745 11.635 11.81 11.945 11.265 11.22 12.275 13.83 15.06 15.905 16.535 16.97 17.225 17.11 16.66 16.3 17.1 17.545 17.325 16.825 16.135 15.28 14.465 14.285 14.625 14.85 15.07 16.175 17.505
9.465 8.03 7.465 7.255 7.735 9.165 9.485 7.655 5.935 4.95 4.938 5.515 6.95 8.05 8.15 7.19 6.03 4.854 4.394 4.108 4.206 4.383 4.335 4.403 4.433 4.478 4.533 4.494 4.457 4.546 4.626 4.679 4.71 4.722 4.718 4.763 4.712 4.783 4.959 5.695 6.585 7.495 8.43 9.405 10.39 11.385 12.35 12.115 10.325 9.66 9.815 10.635 11.835 12.945 13.795 14.44 15.035 15.345 15.385 15.155 14.805 14.225 14.285 15.32 16.19 17.185 17.11 16.27 15.445 14.94 15.04 15.38 15.78 15.845 15.695 16.145
10.43 9.27 8.77 8.52 8.935 9.795 9.33 7.005 5.335 5.12 5.61 6.275 7.485 8.71 8.97 8.435 7.455 5.76 4.61 4.284 4.611 4.859 4.824 4.801 4.806 4.782 4.783 4.772 4.744 4.765 4.794 4.84 4.939 4.982 4.972 4.944 4.88 4.902 5.06 5.685 6.37 7.085 7.815 8.585 9.405 10.225 11.015 10.48 8.89 8.455 9.39 11.07 12.205 12.68 12.895 12.995 13.225 13.625 13.995 13.405 12.86 12.435 12.775 13.68 15.01 16.615 17.075 16.44 15.86 15.545 15.72 16.045 16.625 17.285 17.21 16.71
11.685 10.67 9.875 9.69 10.12 10.225 8.56 6.4 5.5 5.925 6.46 7.04 8.005 8.86 8.63 7.82 6.785 5.225 4.601 4.45 4.927 6.24 6.12 5.825 5.51 5.31 5.345 5.165 5.08 4.987 4.953 4.995 5.795 6.13 6 5.83 5.54 5.505 5.905 6.325 6.75 7.17 7.595 8.065 8.53 8.93 9.3 8.69 7.59 7.905 9.145 10.57 11.435 11.64 11.54 11.315 11.755 12.62 12.785 12.05 11.41 11.28 11.89 12.93 14.52 16.315 17.27 17.03 16.565 16.395 16.575 16.865 17.435 18.42 18.835 18.305
12.6 11.325 10.915 11.125 11.24 10.045 7.71 6.115 6.17 7.145 7.75 8.08 8.62 8.93 8.12 6.8 5.59 4.893 4.563 4.538 5.435 7.505 8 7.65 6.89 6.685 7.225 7.25 6.97 6.365 5.895 5.9 6.795 7.31 7.235 6.83 6.52 6.565 6.94 7.265 7.56 7.77 7.885 7.97 8 7.955 7.895 7.235 6.81 7.535 8.63 9.55 10.21 10.61 10.395 10.16 11.04 11.81 11.61 10.895 10.275 10.78 11.87 13.025 14.545 16.205 17.33 17.5 17.365 17.415 17.595 17.9 18.395 19.365 20.18 20.25
13.145 12.615 12.595 12.47 11.39 9.135 7.665 6.65 7.13 8.505 9.19 9.355 9.335 8.85 7.725 6.425 5.47 4.948 4.626 4.615 6.025 8.605 9.81 9.68 8.59 8.135 9.125 9.515 8.86 7.94 7.17 6.815 7.77 8.42 8.33 7.68 7.385 7.32 7.235 7.105 6.98 6.88 6.805 6.73 6.655 6.575 6.52 6.33 6.295 7.06 7.95 8.74 9.35 9.595 9.17 9.195 10.005 10.49 10.245 9.515 9.795 11.14 12.465 13.59 14.89 16.225 17.125 17.535 17.845 18.255 18.645 19.06 19.485 20.61 22.33 23.17
14.33 14.24 13.92 12.785 10.465 9.345 9.085 7.6 7.83 9.565 10.6 10.76 10.29 9.245 7.81 6.7 6.15 5.545 4.732 4.631 5.94 8.83 10.815 11.455 10.52 9.79 10.71 11.44 10.58 9.445 8.345 7.69 8.71 9.495 9.21 8.555 8.36 8.13 7.77 7.435 7.09 6.73 6.37 6.01 5.56 5.175 4.995 5.155 5.64 6.6 7.625 8.24 8.46 8.195 7.635 7.8 8.225 8.645 8.74 8.825 10.22 11.66 12.94 14.095 15.155 15.82 16.175 16.765 17.535 18.295 18.95 19.725 20.92 22.16 22.76 23.41
15.1 15.155 14.345 12.03 10.635 11.185 10.78 8.645 8.26 9.915 11.475 11.835 11.335 10.12 8.67 7.51 7.28 6.695 4.915 4.626 4.959 7.415 10.125 12.01 12.155 11.82 12.185 12.725 11.885 10.71 9.455 8.865 9.65 10.57 10.45 9.7 9.255 8.81 8.305 7.905 7.505 7.105 6.71 6.32 5.825 5.425 5.17 4.952 4.983 5.695 6.435 6.785 6.71 6.41 6.08 6.3 6.51 6.955 7.51 8.61 10.29 11.57 12.57 13.61 14.455 14.765 15.12 15.97 17.06 17.86 18.42 19.425 21.11 21.75 21 21.07
15.485 15.39 14.045 11.95 12.265 12.765 11.82 9.495 8.755 10.43 12.185 12.6 11.97 10.62 9.25 8.835 8.95 7.97 5.69 4.725 4.791 5.05 7.395 10.46 12.34 13.035 13.36 13.765 13.185 12.195 10.895 10.29 10.64 11.54 11.77 10.99 10.32 10.11 9.74 9.38 9.03 8.685 8.345 8.015 7.69 7.36 7.005 6.2 5.305 5.1 5.25 5.465 5.61 5.73 6.04 6.495 6.725 6.6 6.78 7.82 9.45 10.98 12.005 12.755 13.57 14.255 14.885 15.56 16.385 16.86 17.245 18.775 19.885 19.78 19.26 18.93
15.92 15.67 14.38 12.73 13.685 13.5 11.81 10.14 9.475 11.39 13.015 13.28 12.35 11.295 10.415 10.625 10.375 8.7 6.48 4.894 4.986 5.5 5.65 8.185 11.085 12.91 13.7 14.23 14.325 13.79 12.69 11.735 11.96 13 13.445 12.715 11.46 10.885 10.84 10.57 10.275 9.975 9.67 9.37 9.07 8.765 8.505 7.735 6.485 5.57 5.365 5.565 6.335 6.975 7.745 8.245 8.41 7.985 6.975 7.375 8.57 10.065 11.03 12.145 13.465 14.245 14.595 14.905 15.275 15.255 15.56 17.295 18.39 18.565 18.275 17.53
16.355 16.025 14.955 13.505 14.31 13.935 12.625 11.18 10.595 12.865 14.325 14.445 13.555 12.535 11.745 12.13 11.67 9.84 7.475 5.22 5.65 7.285 6.61 6.455 8.82 11.285 12.66 13.555 14.79 14.94 13.86 12.565 12.69 13.865 14.605 14.06 12.625 11.46 11.19 11.095 10.82 10.53 10.235 9.945 9.665 9.675 10.17 9.675 7.99 6.55 5.785 6.025 7.06 8.19 9.315 10.115 10.245 9.42 8.01 7.185 7.5 8.565 9.96 11.79 12.975 13.325 13.42 13.785 13.94 13.45 14.205 15.955 17.375 17.75 17.445 16.52
16.855 16.555 15.73 14.35 14.725 14.755 13.47 11.495 11.435 13.72 15.495 15.84 14.83 13.15 13.045 13.23 12.555 10.55 8.08 5.85 6.18 8.19 8.295 7.045 7.29 9.22 10.8 12.465 14.515 15.51 14.775 13.905 13.71 14.355 15.125 15.095 13.575 12.295 11.695 11.49 11.345 11.065 10.77 10.505 10.695 11.46 11.895 11.16 9.555 7.915 6.58 6.23 7.36 8.715 10.21 11.795 12.38 11.36 9.265 8.09 7.495 7.715 8.625 10.19 11.3 11.565 11.615 12.2 12.195 11.875 13.365 15.03 16.08 16.6 16.29 15.14
17.37 17.095 16.37 15.2 15.365 15.26 13.66 11.89 11.85 13.72 15.835 16.64 15.625 14.39 14.235 13.66 12.79 10.695 8.135 6.31 6.975 9.075 9.765 8.85 7.59 7.72 9.45 12.005 13.865 14.945 15.125 15.175 15.185 15.505 15.98 15.725 14.445 13.32 12.455 11.975 11.8 11.595 11.36 11.7 12.61 13 13.03 12.375 10.805 8.76 7.07 6.535 7.555 9.29 11.39 13.45 14.335 13.365 10.86 9.275 8.61 8.265 7.875 8.42 9.37 9.63 9.74 10.04 9.875 10.21 11.665 12.9 13.825 14.88 14.91 13.475
17.715 17.53 16.955 16.215 16.29 15.95 14.305 12.605 12.455 14.115 16.32 17.3 16.6 15.895 14.615 13.125 11.92 10.035 7.965 6.54 7.605 9.99 11.105 10.67 9.31 8.065 8.645 10.175 11.715 12.7 13.78 14.71 15.14 15.555 16.29 16.22 15.45 14.745 13.86 12.615 12.4 12.195 12.63 13.71 14 13.925 13.33 11.845 10.03 8.585 7.66 6.825 7.56 9.735 12.13 14.28 15.39 14.84 12.73 10.985 9.975 9.675 9.02 8.475 8.53 8.715 8.995 9.28 9.275 9.385 9.99 10.795 11.81 12.76 12.565 12
17.99 18.035 17.74 17.385 17.275 16.82 15.19 13.745 13.65 14.885 16.975 17.885 17.47 16.79 15.325 13.8 12.565 10.76 8.245 6.775 7.895 9.72 11.305 12.105 11.53 9.81 8.63 8.925 9.615 10.245 11.225 12.31 13.065 14.11 15.675 16.56 16.34 15.44 14.585 13.545 13.415 13.095 13.585 14.53 14.775 14.675 13.205 10.735 9.93 9.795 8.935 7.62 7.18 8.735 10.82 12.815 14.365 14.7 13.975 12.545 11.57 11.17 10.31 9.6 9.365 9.505 9.865 10.255 10.36 10.03 9.83 10.035 10.48 10.77 11.29 12.94
18.13 18.605 18.52 18.38 18.25 17.795 16.575 15.54 15.425 16.145 17.735 18.03 17.21 16.485 15.18 13.475 12.21 9.935 7.51 7.24 8.23 9.72 10.995 12.305 12.83 11.41 9.87 10.1 10.78 10.885 10.835 11.02 11.685 12.81 14.51 16.07 16.61 15.57 14.58 14.73 14.565 14.255 14.215 14.855 15.49 15.225 13.305 11.355 11.765 11.14 9.815 8.795 7.805 7.45 8.43 10.575 12.34 13.175 13.555 13.44 13.2 12.865 11.965 11.03 10.53 10.43 10.73 11.25 11.63 11.335 10.76 10.28 10.19 10.325 11.475 13.49
18.085 18.875 18.92 18.86 18.705 18.49 18.03 17.6 17.585 17.74 18.225 17.33 15.81 14.86 14.185 12.725 11.025 8.775 7.86 8.115 8.445 9.915 11.26 12.53 13.42 12.375 10.98 10.94 11.88 12.495 11.99 11.955 12.135 12.215 14.2 16.065 16.835 16.205 15.49 15.69 15.985 15.83 15.385 15.515 15.72 14.715 12.855 12.56 12.885 11.695 10.91 10.24 9.525 8.305 7.64 8.89 10.54 11.505 12.335 13.225 13.79 14.045 13.605 12.625 11.895 11.54 11.64 12.36 12.78 12.41 11.705 11.18 10.915 10.805 11.025 12.385
17.885 18.735 18.965 18.895 18.695 18.43 18.25 18.39 18.58 18.81 18.32 16.785 15.185 13.715 12.835 12.02 10.7 8.825 8.8 9.01 8.485 9.115 10.85 12.39 13.63 13.495 12.56 12.11 12.52 13.265 13.14 13.355 13.695 12.68 13.885 16.12 17.16 17.025 16.835 16.925 17.28 17.225 16.7 16.585 15.685 13.79 12.71 13.54 13.15 12.54 12.385 11.745 10.92 9.415 7.83 8.455 9.74 10.585 11.405 12.255 12.97 13.895 14.63 14.635 13.82 13.015 12.83 13.525 13.85 13.205 12.43 12.37 12.275 11.785 11.17 11.27
17.57 18.1 18.43 18.535 18.25 17.985 17.89 18.11 18.595 19.095 18.585 17.13 15.54 13.945 12.52 11.38 10.325 9.085 9.555 10.02 9.48 9.19 9.855 11.175 12.865 14.015 14.025 13.795 13.83 14.1 14.26 14.855 15.185 13.74 13.475 15.535 17 17.7 18.055 18.28 18.54 18.535 18.135 17.455 15.68 13.83 13.475 14.32 14.06 13.335 12.425 11.415 10.435 9.375 8.165 8.535 9.605 10.32 10.955 11.655 12.33 13.305 14.585 15.685 15.82 15.125 14.375 14.855 14.91 13.83 13.325 13.64 13.535 13.145 12.225 11.305
17.18 17.37 17.54 17.735 17.55 17.3 17.125 17.52 18.4 18.985 18.295 16.625 15 14.035 13.18 11.98 10.13 9.81 10.645 11.095 11.145 10.69 9.94 10.275 11.375 12.62 13.85 14.965 15.59 15.745 15.74 16.105 16.215 14.485 13.675 15.155 16.44 17.17 18.025 18.775 19.285 19.36 18.955 17.535 15.485 14.29 14.56 15.05 14.46 13.055 11.575 10.65 10.315 9.97 8.825 9.095 10.22 10.95 11.63 12.63 13.32 13.685 14.495 15.89 16.895 16.76 15.88 16.33 15.86 14.605 14.56 15.03 14.84 14.155 13.215 12.45
16.475 16.295 16.415 16.81 16.885 16.58 16.29 16.96 18.11 18.37 17.44 15.83 14.27 13.34 12.835 11.495 10.17 11.06 11.815 12.43 12.805 12.3 11.4 10.915 11.38 11.815 12.91 14.77 16.355 17.1 17.395 17.445 17.18 15.31 14.145 14.61 15.4 15.71 16.355 17.49 18.87 19.645 19.305 17.715 15.92 15.325 15.685 15.605 14.415 12.695 11.725 11.36 10.865 10.265 9.12 9.425 10.43 11.285 12.25 13.52 14.635 15.34 15.71 16.275 17.21 17.745 17.3 17.705 16.76 15.555 15.945 16.245 15.505 14.23 13.945 14.04
15.77 15.17 15.43 16.1 16.405 16.15 15.67 16.18 17.2 17.615 17.095 15.59 14.225 13.165 12.22 11.19 10.56 11.645 12.655 13.52 14.09 13.6 12.435 11.84 12.48 12.755 12.87 14.155 15.615 16.91 17.97 18.49 17.995 15.895 15.32 15.75 16.375 17.02 17.3 17.145 18.005 19.445 19.835 18.53 16.77 16.53 16.57 15.835 14.265 12.81 12.88 12.505 10.96 9.66 8.905 9.64 10.48 11.33 12.475 13.845 15.175 16.64 17.695 18.205 18.495 18.91 18.95 18.895 17.805 17.055 17.45 16.915 15.465 14.76 15.405 15.595
